10032
1700
17454
27471
15459
1201
3158
23081
28439
28427
17698
19059
18288
32408
4086
13263
2841
7335
16878
9143
11061
26907
24947
5309
20121
27596
8721
19223
19512
29994
21123
23130
10718
29220
28944
14470
29474
14152
23067
579
31894
1835
17653
21610
26432
22539
757
24263
30798
7347
13515
5150
6405
5279
27153
7019
4859
26465
24355
26222
23686
3907
19761
4455
2420
22318
146
28703
13308
28618
10587
27687
29173
24551
6705
6244
10822
21532
26971
7628
24222
4525
10267
25962
15717
4274
9279
9128
4082
374
26611
10445
22782
16670
27609
6853
14168
395
12124
31777
24795
10369
11073
9310
18846
10760
21118
3434
19306
25106
5456
6756
24945
12639
6792
15267
19516
24990
8997
5115
12774
5333
19496
827
3720
17410
8868
14842
2292
4355
15893
14996
32678
28595
21746
27503
25079
27222
32646
7811
10644
1335
7419
12825
2095
1423
3768
11986
7540
8105
15853
1772
18751
20548
8043
23233
28172
25913
10682
26256
14255
31069
29029
32128
14917
26537
24473
13794
32106
31128
14062
10935
18348
21713
23173
30322
15936
27654
2899
19199
11508
30492
4028
19203
2661
13964
31076
2150
3186
1545
32066
19471
24816
611
4598
2798
24223
18091
18524
11328
16989
1176
4705
1294
19610
31785
27669
11511
21260
5772
6914
4144
6820
10303
30653
25289
3520
7797
30138
22834
8866
7099
23908
18941
1569
18395
27757
7397
24222
22272
20579
11024
15162
3100
12165
29841
838
14983
13268
20273
31228
2793
19565
29295
10860
1881
6421
1221
20408
12998
13334
3629
3460
12182
20042
29668
3241
14734
20853
24942
20521
30450
31959
17114
22120
25837
12290
13383
23193
25394
22506
2727
19062
8932
12859
22979
17460
31924
23279
7040
12470
29257
22559
23648
19969
24292
6169
4427
15856
6980
5556
31376
27944
6343
5856
14375
26191
14291
14721
29497
25977
23924
17022
16609
16355
3142
25364
8757
29668
1174
26737
17792
29984
12228
2430
27858
2303
23275
18172
7611
18270
1220
4562
32339
4996
17096
11173
893
8535
405
30122
21613
23247
9363
8632
1896
14764
18647
31138
7115
26980
12104
12483
21839
17760
4608
29658
23691
1895
26869
11033
18619
14939
25048
8824
30399
17699
3901
3151
20839
8680
4861
4644
28397
5508
18392
26561
10179
31543
11871
5258
2703
30876
8466
26382
20853
11740
5061
18140
15508
13858
25160
22680
30163
3151
29254
10318
25053
10222
11374
19973
618
26218
4305
16536
19905
5246
27275
19137
8058
11246
26278
22135
9865
6517
4667
634
29816
7934
986
13868
4596
9751
13356
10146
15499
5794
18903
2043
12724
1485
23714
18928
11024
20805
29658
13997
28655
31399
17396
17631
8214
22328
28531
26127
7104
26581
20237
15918
11490
27949
1289
31089
21939
3117
24555
13407
26732
5820
20563
10792
19532
19625
30243
7480
5088
10465
2272
11788
18561
3814
8027
5188
3870
27772
6800
28154
2620
9126
14286
6483
7482
20688
3608
19539
29914
16718
31436
24310
30973
11781
16770
31612
2990
3688
25399
10500
14690
6055
28843
25692
15998
15394
23559
15128
1562
16164
3523
7393
1541
12494
16583
22288
7177
26193
27088
28284
20592
16993
11798
19343
8646
25062
11564
27808
15841
244
8743
4732
19487
11261
8194
6982
11503
4421
27969
32642
21139
1687
17109
9580
5924
5943
29248
32398
13270
11799
14073
9105
15741
12365
14098
25172
19024
7109
30488
29243
9453
32307
17723
17098
12446
22604
24494
6258
25307
16694
23121
27562
30224
24125
1934
15938
14752
711
26752
23284
9001
3210
26715
13117
1290
20476
26376
20331
3618
10507
22287
1270
30427
1039
29370
26387
32615
29437
19576
9607
9034
8925
15999
19897
9753
17790
32181
8716
23937
17256
21457
31595
23690
18962
17597
26918
25629
2645
9023
764
15557
15137
22745
8569
23986
13423
25838
28802
1283
13942
22309
4142
9541
12578
18707
14295
19510
8130
6932
3953
26319
19713
30841
13083
1666
4887
26345
5364
3009
27712
25857
12592
22975
26477
23614
18539
30586
21818
27165
5180
16889
16673
17536
10766
5074
2797
15700
43
1520
13425
10609
18714
11667
14201
11969
6443
31640
30721
15781
2640
8443
9893
14740
21038
7322
10073
5382
32372
22076
20570
25744
19308
27345
5477
11600
18640
3580
29478
29323
16606
9422
12019
18069
5550
32213
16058
25329
2244
19029
27960
3002
8418
15573
3692
16961
8735
28893
22604
2808
19517
32767
13238
19087
21304
26644
6569
32348
17947
9928
20661
21504
22551
11865
7856
25672
16342
6043
17067
5457
8461
13632
19236
26608
13393
27734
7294
13392
8491
30225
15278
6621
15982
28363
12598
9825
11464
22089
6231
30829
32664
25920
11906
24827
26623
23575
30481
18513
5690
12015
18228
23081
17711
13025
20014
15630
9285
12422
28097
22793
4985
32701
30438
29053
26031
4264
7874
5712
7493
1528
16342
12363
22254
17515
15222
11460
22206
7058
3964
3194
27521
27608
29757
22976
7249
28096
5820
18910
21608
32366
17182
3508
306
5481
4958
5536
22182
18335
30274
19618
11735
31658
8846
3774
12742
13137
19063
24226
20091
3666
9050
7817
5716
27231
5550
20575
4508
17510
10552
8486
11359
16149
381
17304
13949
29342
32381
24078
10750
27063
21918
4000
11173
28645
14055
20622
31176
5371
21102
12767
15711
2525
21012
16455
29018
14986
7023
3662
21560
18778
28168
10671
6101
20356
12743
32766
17283
1762
2475
30350
31837
16633
32446
14738
10200
20276
22345
1666
7323
16496
28228
30145
21905
6077
7952
1916
23356
24675
6505
30677
22348
17188
12694
7745
1648
193
226
23598
31852
30144
27216
24298
28268
2923
22411
14528
30615
14876
16924
5476
3048
184
23775
3473
3385
30074
29112
24048
13985
21490
18306
1340
20992
11341
9288
3492
27608
6102
16312
1392
31071
5821
14804
27368
9426
31511
27115
3953
13323
1319
6600
13818
15702
5340
297
28822
7809
5274
5491
362
27186
318
419
17098
16253
13148
23176
23199
16310
19914
25392
15628
5764
30051
30112
16977
18487
13829
25543
21487
14940
14556
25781
29965
10894
12259
25097
10778
1935
6823
14760
948
24727
18511
18357
20680
24299
15065
19645
15355
32178
20390
1073
22601
29700
20793
32538
24812
1349
22076
5896
12416
11185
4547
3403
13156
20791
30933
10854
22883
2699
24873
29121
19092
2167
32045
15774
25470
13170
22860
22350
15488
9587
15985
24485
16497
30215
7623
7083
5763
3234
27076
31124
25453
27954
101
25075
9673
13050
2747
10538
12730
11678
30118
13605
4051
21626
26593
11080
17204
1080
22846
15013
15094
15010
12083
22131
29386
17588
662
29883
1756
4854
29349
9557
16126
10249
10569
5395
21762
21887
29852
20796
31335
15088
6568
24380
24889
15177
17522
31897
19506
23656
14647
6953
27173
17638
10997
28035
157
19508
23341
6067
10689
20714
26343
22578
10618
18779
25848
15637
7640
17005
14720
14724
3762
16552
17078
12142
8333
14220
17128
16763
28351
2856
11197
322
20693
20456
11966
19901
3889
15535
14100
30201
19192
805
12435
29714
7467
595
16376
21599
12563
1901
20591
7402
24035
4334
6745
18723
921
18410
1867
11733
12069
9120
5978
22872
18893
27472
11158
17417
22480
2636
22996
25847
2633
27216
11697
32479
10327
18454
31443
14683
4987
13862
9330
23126
27457
16876
32279
13251
5155
28428
10660
6542
9642
31994
5781
29651
982
10949
1669
16719
10176
27955
15092
7700
23422
19219
12359
8832
27975
21455
2576
11887
7639
25665
5264
29872
19989
11719
32635
23222
12276
13210
13818
144
32407
12891
30710
1308
440
9711
6292
23159
24650
24973
1532
16055
1629
28181
32351
11485
8771
8868
5688
23045
31985
11109
29650
4832
12711
29354
25610
3428
2260
8251
11350
706
31284
8941
15878
9625
6715
30839
11978
18537
30390
10114
6773
18506
9904
8191
20992
4062
4498
30141
31698
18052
12687
10555
2366
32718
21823
29371
9550
32566
9354
17303
191
25612
27848
29144
8012
20915
30758
16901
2608
26637
29772
17209
3046
8244
11325
12664
22835
24939
6526
21059
19302
25172
4218
32618
4063
10851
3109
21538
28878
18322
23776
12375
6973
3158
16029
1604
1617
27090
6723
9792
24524
14923
30292
31963
8663
4061
23245
30505
13823
23404
11341
350
18813
32733
17018
21403
14010
9605
15776
264
10258
25057
24476
32035
22488
1928
27641
2904
4507
12895
21336
19665
22696
25612
11797
24719
22480
17581
18983
18874
32364
23497
20552
4149
28318
21894
17495
20342
8409
10269
25850
10133
24739
11660
11911
17570
1689
1419
1317
28732
5044
21440
18990
24927
4556
11830
24792
15998
23898
20492
26133
1490
15490
25706
8119
20465
26449
32185
26328
8354
25923
3348
4473
14832
25608
28153
8041
9597
27527
23109
11881
26649
4900
23135
31117
5011
7230
1459
26597
10959
5628
10082
28253
3097
28234
6967
18658
21945
5150
30430
20166
30920
3840
21328
26214
28226
12233
19090
23562
16988
16043
32159
8204
27159
19057
13987
12349
5909
32008
31593
12420
32171
6463
9239
30408
16697
1483
18969
3600
31414
2446
9051
29929
3471
7449
7611
6921
16050
30063
20158
25137
16869
11275
2945
9816
12637
10277
15603
4357
9100
11570
17474
15357
21306
12970
915
26398
3543
26893
24310
17803
23568
4136
18841
9737
6304
661
13116
31401
26985
6785
27108
936
20163
21425
17364
8595
15636
20167
9657
4782
29857
6594
14629
8087
2979
25029
26430
31527
24222
29209
27576
22937
23278
9332
5120
750
22434
9852
32442
25743
28814
14471
28526
26165
6044
18853
2686
1542
20579
5344
3420
1
18939
9154
22265
1179
19215
23064
21633
17066
9267
28406
9797
18563
7288
30459
4345
95
3134
25558
3871
19460
6730
7433
5827
929
20249
5613
26473
23545
29299
1271
29764
30659
26435
8249
16040
10321
31141
812
13506
8561
21313
8620
26759
9361
2520
27716
13034
26406
31772
2476
5970
14414
28869
18832
31563
10675
11233
13459
1659
16307
28267
23956
16089
27839
5152
22576
13593
23553
17294
30856
21866
20290
25710
16452
12388
5130
20531
7384
20540
21513
28899
23301
28219
17589
16934
29603
7278
31285
26781
5535
14238
24958
21364
4416
13698
9660
7227
2222
9012
1267
6385
2484
26594
22502
21602
29893
8134
20792
24756
21821
9048
14289
14396
3818
3778
8323
8342
1227
23956
27373
17396
7447
28345
1440
29878
18049
1194
15745
20283
25275
5601
7279
11767
14905
401
6949
9158
23863
31892
10849
28800
5629
19108
22342
9166
20578
6095
3838
25148
6799
1573
17829
143
8965
17332
1122
26968
22498
15542
8919
201
2911
15880
12220
31432
16798
7134
19654
22338
2979
12470
462
30914
5024
18570
19247
2370
15989
19530
26480
8513
1655
16777
10275
25877
29552
29303
18956
3203
21480
21007
6278
2189
7075
28817
24611
15243
2923
5171
29843
30589
1552
18963
19911
13984
13996
881
85
16959
27691
4891
5407
15308
19979
7976
1072
15407
20065
23273
22246
32094
32029
7453
13654
16942
8334
9828
25324
28777
14121
11255
28242
4384
18054
31381
6291
11074
7083
17857
14209
11374
24717
30506
5972
21510
10964
4715
8083
21637
26591
244
16184
7954
18952
23112
25615
3413
6953
31850
351
23945
6239
2193
27084
13522
15117
6179
124
7121
4900
15841
1401
10614
5794
10079
342
20502
2649
29368
5142
190
26610
3199
11081
6342
25905
10745
25464
19881
123
13193
6339
2836
13973
13163
27337
30524
17838
7333
14280
4469
8608
32315
21253
7937
32115
30371
31343
23077
3618
31608
20351
6018
27298
18803
22370
21923
11553
4246
18010
27347
14732
12458
6754
17713
19795
6636
18705
28934
15472
9732
1216
22869
32678
32054
23791
30388
30726
23516
15845
24667
3000
19476
5015
29563
32760
10166
5067
1233
13407
30345
29565
20602
9060
31926
2946
7177
19490
3452
12395
16087
26972
30246
16812
1178
6590
5434
13310
7737
23909
29172
6913
5343
3234
26610
30246
29519
11259
15153
17612
6519
16755
10296
9641
28231
3852
17555
1388
25539
22153
17283
8352
343
2680
29428
23764
26731
4208
1199
15609
1848
30872
30673
29963
28122
20072
13948
24820
31142
26292
15308
25261
19133
20198
22029
27558
14305
16779
22827
13672
13448
17425
21865
28025
23855
20942
9814
22655
7665
14405
28158
12457
10072
2213
20573
17227
9587
17043
793
4552
27945
7209
1392
31157
5068
2879
5230
10299
9458
29673
12132
23741
27264
8256
16535
16059
31495
25958
15925
19191
596
6596
22413
7126
30786
16534
638
4360
14803
3754
32048
6763
14463
11364
6147
10797
13260
22790
23493
4658
12575
21294
24616
20661
9682
10913
26227
4145
1926
24390
3191
24194
14011
29046
11205
24391
30622
18291
14622
32140
27937
3125
14379
24742
19025
27501
5998
10333
11749
20164
2169
13393
23570
99
10334
31382
19111
22201
3174
12706
13141
19832
1798
20841
8270
12257
14606
12230
10003
14402
17188
15389
17798
18621
11121
7743
5447
8522
19354
15501
18749
14079
23282
28001
10611
4240
26862
22441
294
19474
23513
18133
13084
12804
18376
30196
26679
31119
12753
5657
3145
8717
4984
5124
3370
1481
12906
24830
4104
2565
8302
17157
4351
4162
30616
28713
8425
3259
9919
31030
13688
26163
25138
18323
16258
752
3239
12906
31643
9992
11380
28425
12521
2011
16642
24713
21044
14561
3198
2733
13629
21926
9681
11276
21585
3346
26323
17267
19997
29166
2747
1157
6084
13476
4315
32676
5423
10822
14218
277
2981
17618
9057
27486
8859
24757
1706
4339
26317
2957
23829
20754
909
10291
4013
31724
9819
5113
5387
16901
16567
12592
25033
13021
7219
31470
15674
3792
29900
1550
20056
28731
3450
4983
29950
4064
29446
6050
17240
10380
24860
23382
11159
15863
32161
6582
13801
19179
24134
16254
21160
6824
3166
12170
7377
20872
31469
12440
8377
26847
8961
26702
31483
8741
14917
1919
25525
13655
14291
2986
31220
16026
6986
14787
25452
12066
10784
13878
5229
17746
5946
24106
21522
20516
18618
17922
20668
16844
12313
298
22718
21912
26741
5904
2906
19739
3884
18800
5613
2186
2729
4053
20838
32358
13182
27741
21500
22107
5043
32188
19233
11113
12382
29315
12721
14657
4468
16803
13936
30962
31711
19500
26291
28868
4561
19547
29021
15204
19799
13780
5645
2626
2353
27436
5270
10040
3041
27818
12464
14700
18690
25679
7661
20855
19675
13075
26606
199
1588
25458
10966
65
25192
9511
12287
10795
28604
13880
17132
19274
31215
23858
21119
3911
21779
22710
12908
3160
19099
26676
4334
12828
23732
20983
29881
8134
21465
2658
22319
9597
19105
24697
11990
29955
11228
21411
32266
17813
22239
30381
14831
28435
24092
1043
7594
16481
5110
1915
15825
5389
22995
16515
28703
28210
25970
8892
23405
4764
28799
5878
17373
31276
1636
25023
26457
2174
25699
21286
32316
23242
8161
9157
13390
11528
1797
8958
11766
6744
28546
6788
28075
15520
26545
2845
11692
28535
32227
9895
497
14914
4597
11097
22113
9628
25893
1100
7493
32764
23587
21306
16893
21905
10092
18309
13297
8049
17875
26235
7627
28147
5472
10456
7396
4697
26206
4492
3323
2995
17584
8639
15405
15104
27492
19987
6945
8853
5771
22825
15748
13507
10055
14182
16053
30132
20005
24567
24257
29846
12205
12050
27537
24571
14136
15743
19042
14720
3074
20824
13686
27821
23680
19469
521
19741
29684
14762
647
16351
20030
25949
22780
5147
7669
5939
19916
20217
30902
24354
32420
28350
7612
4428
31152
26937
2737
22402
6415
26973
21188
31751
12932
4143
27644
20887
28526
15587
26316
23720
24826
8257
17383
8688
9367
8014
23637
15911
11434
18729
4039
11022
387
25651
11560
21936
3728
22130
18804
27112
20433
27960
30925
30499
29580
18431
7628
21095
17474
27288
17173
22933
28385
14981
13102
31723
31035
27555
17041
11212
31927
8204
32767
7620
31047
16187
16152
30919
21658
18545
12585
23481
22930
9304
69
23604
19448
14822
8343
25221
25711
19077
19446
1783
18598
22897
23482
21589
21458
8801
29902
5034
17244
25449
14855
1355
7126
32287
30900
11031
23092
13309
887
2046
17721
518
12115
30912
29487
24492
9989
2551
22491
25842
2200
28504
28336
7118
308
54
21827
209
23351
23879
27135
30473
12934
9131
17178
13095
17190
20778
4551
25053
1542
15806
17838
3466
4127
20049
1177
1817
26559
17607
19056
22054
17442
20799
17767
29795
27459
18582
17014
22587
8689
9261
15882
4789
25125
12013
27898
1178
19347
904
20924
28378
639
16385
12761
25132
28882
4718
32670
20981
7533
765
3092
20075
3517
7989
5427
10746
26000
27262
1107
3559
14631
14308
28899
16947
17804
20760
15197
11458
806
3767
21625
19388
18058
17871
1186
12084
25492
11936
18342
13831
1719
10399
4273
4615
14481
32705
2684
22361
16322
5877
10178
6940
21759
7154
6132
25931
23906
10292
29741
31205
7940
29505
14440
15691
9166
31281
23793
14313
16012
16493
9241
32024
26179
3511
28718
31043
23493
19819
13738
27465
19842
29444
23979
3363
28065
2017
11427
12231
11856
17994
337
20044
6232
26030
32752
23630
28660
31790
32174
21396
7139
6496
16479
17648
700
32332
26227
28775
21122
5819
2853
10386
26232
6066
31478
1348
16182
26425
3162
10606
16637
12640
28849
8255
11336
20100
4472
5519
1187
24271
19905
28029
22976
16126
11232
32599
9928
14951
21352
30651
15343
7738
25430
9724
26187
4615
30859
14535
18918
22912
30848
11783
8722
25473
29749
31237
23548
19021
14186
10708
16260
10523
22546
1260
6732
27345
23045
29205
8463
30223
15093
9095
31541
23151
31395
20047
11428
25355
29522
28916
20952
12864
5756
27995
25142
19122
25029
31208
27805
10640
8237
11750
575
22042
19337
11561
17327
2656
8756
14065
17466
22860
17666
7186
14203
30178
29045
24658
7466
32711
11316
2835
24373
30976
28600
27442
5650
18685
13129
21038
26451
28886
24105
2701
12923
21716
31503
3451
16
16179
16342
15285
26353
38
15735
7589
23530
20252
19509
28366
8070
20802
2071
30827
15908
26953
29083
32595
22093
13417
1705
18720
6469
22694
26566
31888
14816
2130
23946
24876
15767
24275
21076
16935
25563
31398
5180
30856
6058
30884
29513
24716
8031
13444
4069
15941
32462
29346
28045
21896
16272
22270
7629
14598
5020
19848
5996
5305
1559
18331
3556
30594
11886
29383
23828
24592
6561
19667
23865
4355
24034
14594
13083
28753
3166
31382
28804
30185
30043
14483
6390
28055
29315
28357
24221
4136
11135
28676
11139
14286
2248
23991
19203
13254
18618
14487
18304
32567
27371
28342
20567
24414
26042
2751
15377
11496
23083
26751
31454
19615
14834
4772
3391
6985
5069
11717
21250
20685
31255
5283
18035
7832
14235
2479
30673
3391
18086
8652
23807
23910
15968
19541
18812
28640
10843
7266
8853
31000
109
14151
9177
943
10427
3166
18382
1638
19479
14855
10466
4415
23692
17388
28324
21983
3126
32394
6964
3895
9815
21485
19704
3171
32424
17850
18577
25298
27373
20595
24334
2984
31436
5111
1119
28768
25055
25928
10764
10934
18440
11665
12839
31684
29701
14952
3711
15979
1092
25424
24598
22772
10744
10370
10965
29175
6764
12013
29055
27772
10903
15739
19940
28513
18674
8086
22871
31740
18822
4331
31073
22528
14409
5741
25783
20133
9642
26781
29802
3331
8555
21257
5470
7615
22447
11539
28157
18410
1108
20468
3116
21798
12418
11777
12158
779
28292
28460
936
9161
2007
14029
24374
12814
20865
30371
23164
23594
6820
29461
21198
19057
26963
23742
11764
9440
31140
9001
29144
7172
13063
25817
1154
31000
2006
8333
10310
31086
29485
3010
2108
30992
2299
12920
26865
12454
19545
17465
20828
2714
16411
12888
16404
21371
26021
887
16576
18847
7681
75
30158
20493
8494
7588
27240
18585
32698
18343
16547
22865
25235
29278
4090
8472
32026
4980
2044
8081
25977
26937
11073
21567
18230
13036
13986
22762
9225
15930
2217
31556
5867
28162
7495
6604
19824
7771
29125
18419
11094
2520
25853
32125
19550
5131
26570
21803
22618
7495
4541
7831
23944
17322
28178
18271
9502
13659
5346
24453
13862
30737
25754
15638
31372
18901
28587
778
14966
32520
29315
3948
25043
423
26045
5307
17463
21966
148
25231
21222
18299
16286
8575
31023
9621
17335
1603
4859
11821
7482
16406
12709
4099
22392
9822
8972
9548
22626
27023
28391
19378
26761
19277
15961
32157
30537
8657
25030
4273
28480
10893
26852
15768
12037
28691
277
21761
31255
18227
3572
17896
30228
10083
12333
22808
2092
25189
11923
17903
9940
32547
30060
1122
29631
15326
8207
64
12810
31623
16562
4539
27831
8813
23165
24356
24924
9753
16867
3062
796
21622
22321
22806
10711
5686
20327
6745
16798
12400
32584
9543
3690
18830
23725
7455
22541
13670
10782
16411
4712
19623
163
6644
21983
21367
11224
16297
15370
13146
3136
30845
29869
3158
29659
30782
9963
24917
12539
3789
29366
25546
15187
28891
9866
8855
14161
32241
32091
8239
17326
10163
30924
5111
17731
24165
11169
23283
9502
9902
2167
23454
13525
15516
2226
24857
11546
26601
16312
12680
31376
25981
11869
25530
19677
2611
27293
14344
7169
736
28561
30847
6118
21906
10652
9281
13879
2069
4838
27176
21110
4028
29707
13997
5193
28253
7444
22792
4117
8350
10918
921
21966
16751
11129
11143
25102
1752
14860
2983
9572
31733
24215
20127
5614
7231
19778
9291
32554
13324
21652
18015
1033
10842
4142
12366
1861
6088
13241
3691
28149
20197
541
10318
28767
14765
17651
19066
27917
12369
22590
29501
29219
11575
7765
18135
28911
578
28708
3806
20418
29523
23956
18656
19966
23056
21064
2123
28273
14052
29322
12170
23521
21318
17541
17521
31720
22847
31156
25563
9219
1062
27802
6289
9445
20143
9908
6510
8209
16932
684
12993
23463
19185
16079
24307
2174
13926
5057
21098
11892
15801
9071
32428
13058
16970
21574
20680
11796
7979
27811
12018
279
13280
650
31085
25683
3171
5018
4782
24187
19052
22848
12990
23170
13294
11564
2528
20401
2789
4609
30324
12279
4687
13393
21019
4224
25720
30664
6684
16520
32379
25767
30470
17010
9478
2420
26519
23316
1629
9456
4829
11094
15778
11338
1435
2043
6995
402
24302
958
22292
28272
12336
24481
3759
14102
5149
21890
13913
22899
16692
28911
24119
19626
7008
27195
28960
21698
2264
14289
20645
16031
3652
18889
29262
6193
30241
9145
25127
14571
1894
18638
20091
11895
3944
11803
224
25000
17147
10032
26739
1968
15066
239
6501
13203
3913
16027
26039
7131
22264
11570
29505
26766
3371
16637
29433
7517
8984
29029
23922
29726
16528
1800
22691
15228
30690
4108
10986
3565
28925
28339
24401
29925
20436
13872
32527
19530
23047
18874
1106
31271
8127
29150
27195
20132
11225
23577
32298
8246
32584
14502
22077
30739
23476
27285
4371
25321
8551
32285
17110
14799
17514
22835
13176
30588
7403
23131
21052
28086
5858
22975
633
28430
1269
16510
9627
16587
6808
10822
1642
26916
20856
17701
2447
11698
15898
25500
18259
22052
6079
29942
29355
1845
30604
22487
12658
18907
4839
15128
18933
4801
29988
210
18868
24056
31841
22457
2407
13034
7598
32428
12864
9359
13426
26250
10352
8675
24842
9798
32492
10903
15026
30014
22641
15366
22697
8136
22981
2668
30352
10766
4417
23122
14355
5405
30604
3661
20428
31288
28073
15592
3428
28786
23604
25311
5884
28796
22504
1422
20939
10939
28517
22952
15880
925
1584
16940
18954
10798
24828
15253
24750
31974
18216
1874
14073
12485
23944
11125
7422
28323
7784
6831
22018
23233
4814
6268
15327
15011
12544
11675
12710
11554
1094
16577
10632
10429
497
10126
16887
13360
12188
17344
15880
3400
32434
167
23836
12789
305
17625
21951
32673
23469
11302
30672
23744
6295
7630
14819
8360
16575
4850
13795
11683
23832
8521
22780
28995
17851
7700
19127
16118
25135
27988
20327
14554
16104
20794
10693
15059
7181
19935
16343
31706
22911
30005
1814
22936
25622
12094
31695
563
2094
21115
10186
28776
19810
8360
31786
28122
16279
31654
660
4009
18749
26297
10643
24903
721
10227
12347
12679
7078
7664
29965
13815
16358
7620
11291
30832
8147
27954
16493
17131
31827
11551
25762
32150
23724
18501
5850
13096
20876
14892
7124
12145
26956
16982
13652
27701
14709
22458
6088
16442
8580
28789
25386
1184
10986
29115
9000
9329
10839
23571
6787
19065
1592
1988
23989
8536
18047
1418
214
22997
20898
30606
23744
27509
31462
30357
12146
17229
17885
22392
7090
21780
813
25812
19447
17020
10900
24834
15493
3266
5673
25674
28890
1156
741
27475
6217
27604
31329
10718
26085
32394
2529
30132
8096
21726
27282
24029
10420
21558
32528
16915
2882
8764
18987
32375
17721
20020
17131
32642
23674
9357
10706
21053
32314
24757
17248
1205
11687
12594
7133
27305
17870
16879
14418
6791
21180
16595
22745
13975
1507
4248
12310
22133
18880
7643
13318
9412
14523
2671
27639
1313
31567
8951
24536
22102
20842
21172
3251
9424
19223
2459
632
24916
29786
18603
3836
28653
30811
18557
6721
9001
32711
28189
6136
30596
20084
536
12868
8997
25668
24022
4545
19912
9547
810
26309
1276
19764
21032
6118
16526
12768
20791
14780
2885
6481
15207
13288
9167
9927
18692
14164
10748
9000
26219
27069
11306
9381
19740
27247
10497
22939
13073
5200
22880
31415
1102
8480
22166
10334
23226
4607
28886
14156
10285
304
18917
12411
18122
16668
2070
2118
25487
27802
13688
20686
30506
19565
8014
27549
16654
13838
18879
32393
30919
18349
19407
12251
10634
9586
10126
28081
27665
7176
29327
17569
29350
19548
25244
2463
7037
17570
4776
23329
32070
10906
5125
15745
8707
23313
8152
22178
25623
8874
31945
3286
8608
29662
27903
3327
14855
15938
14411
31733
2518
19208
9891
22312
22729
17097
32467
18567
28199
16514
23919
29088
16210
5596
30732
29192
27805
9392
8367
11517
95
29130
7558
4682
9286
21741
10454
28267
16621
27160
11573
1522
15280
10248
4601
41
18111
16382
11248
25849
30577
10946
9810
12810
5851
1768
30707
19244
24738
11346
14525
18934
9229
6390
27486
28844
31582
6881
3902
17510
3427
23420
3764
4719
3400
12303
23929
25836
27823
21379
23389
10942
29698
28012
20280
5801
13576
2631
3620
31157
2999
26879
8937
7380
8522
16823
2489
24006
9619
27075
21534
4922
12945
30967
18736
31798
3653
21541
22027
16056
16066
16609
25216
14750
9348
26247
24075
11715
3842
24704
6405
619
32646
17856
15899
10465
3645
18835
32767
25438
9610
22938
20317
29485
1952
23824
11537
29197
21072
31058
27799
23255
29983
32671
31427
1376
19868
26652
31922
6561
24049
32283
23296
15893
20919
8604
3387
1379
17679
16916
14744
24381
494
30318
31973
4232
10168
22096
28351
30397
28945
30879
13829
6799
3056
15173
16781
21966
14324
14386
30997
4235
7932
2976
31356
22909
7154
20380
14130
23971
25575
28866
1517
811
17765
16456
31901
11155
29184
26430
9891
24846
1583
7955
27453
29481
17242
21340
14405
18094
12340
4305
17692
23752
4939
26008
481
21865
31710
5831
1766
28905
19694
20260
6244
21744
32407
11055
4717
6293
2465
18018
20771
23495
12627
11703
26920
28140
8071
23403
17493
18377
1796
8193
30383
23714
16391
7307
24470
1698
4899
12837
27456
4733
9803
2754
2150
11859
16430
7979
9789
16344
21955
24132
20136
26034
5668
22929
12460
10274
26783
6906
12068
7399
4362
1995
18358
607
28248
29951
26117
5616
1898
20670
30504
10662
23079
1316
20828
15645
8399
30788
17397
7586
396
19821
25499
20885
23627
19372
26290
21265
10953
3473
9754
24016
9969
24118
5657
21576
11109
26494
19349
26
603
5531
24967
12717
5802
21459
21164
790
15140
1667
7038
16956
31783
26212
14434
17977
12143
8461
21539
13315
13870
25273
15007
30283
9567
11595
25536
27813
18519
8335
10926
5610
12701
6083
1347
14810
19963
16470
20416
22022
11733
3567
190
20974
30906
12209
22887
15974
16185
27326
26085
9278
7926
32249
25115
9761
27901
29457
22163
31166
23125
187
440
31782
18137
25150
24902
25973
13891
18485
28670
24501
7050
18064
27550
1279
28270
25565
14096
2275
16208
11718
11490
4363
15688
30426
30198
282
25202
8592
14459
15834
14984
7304
13083
11159
30646
29717
6262
27590
18857
7417
16080
7659
10986
23663
30726
10169
6250
29039
9671
18554
26462
25389
24064
31665
11596
6371
13208
28414
28262
7888
30558
3907
1560
15488
1344
28933
32221
16463
29117
6165
18006
9257
11165
25199
1693
28563
26079
6754
30167
31471
24051
29681
29448
30715
21033
31098
20268
25500
15466
11157
32131
17626
9510
22591
7724
23851
8845
27960
5877
11764
22530
18857
11890
30541
2508
21258
23884
5125
6415
20803
18908
22245
31739
22033
8696
19769
1604
13228
18189
2701
5586
18087
110
25013
30649
5911
10220
12048
6507
5367
1191
6157
23085
29643
18468
25581
4295
27012
24991
20939
6528
21668
7074
4058
73
3490
14294
14319
6969
26512
32026
30015
10553
9211
27602
14185
18689
24083
3201
5815
23619
12555
3227
19872
11045
7619
7572
27538
23541
29605
19005
9455
4888
16589
13904
25686
20292
3436
31817
291
22000
26222
7544
16185
17416
31578
14421
31743
5860
21370
30995
11432
16763
24125
30840
4536
8660
25305
31979
17347
27326
4916
20943
32120
21953
17925
10511
18143
12628
7222
15098
26079
8016
5518
6226
14339
6053
22668
25247
22910
844
12694
24265
15724
893
3411
5606
7002
14625
29269
30801
22025
8330
15867
14076
16239
21858
10389
18183
24063
21217
21706
17297
5930
1091
28215
8654
25382
14714
7001
27481
28142
21536
18093
29388
18826
16559
789
13967
5520
4084
3966
26093
16363
17601
15808
15469
17115
10723
16581
10079
1085
17491
9710
27061
14861
13745
32178
12820
30761
8941
30601
22315
19287
29512
29960
11844
1418
31611
22605
12312
8033
26933
4509
24552
21233
715
12364
10441
21444
3883
31453
9536
18465
31251
21099
1294
26510
2176
25928
1357
25236
12648
29923
11964
30658
28331
13039
20056
23029
6728
31169
23596
19414
11212
25594
17513
5283
27153
1895
18105
12851
25892
22309
24529
27700
19591
28937
28997
11448
30105
23102
7073
16880
9810
28464
32437
27958
30771
2729
21552
25425
26493
10298
6257
8693
25250
1501
13721
16010
28153
2264
25829
4654
12213
27109
14907
26365
30744
27791
3586
2704
6628
9695
14647
27075
10003
5688
22461
6588
26055
6784
1269
29225
4484
30848
18063
7368
15517
2702
6560
15917
26092
20073
22004
7104
5830
23396
23461
25349
7470
967
16108
30240
13897
9586
26168
24984
15635
28099
20093
24411
12623
5306
27087
2818
10948
21339
19503
11095
3238
6484
6821
13588
3411
17888
28815
27374
26176
26603
12088
16082
16434
18807
27564
22639
12209
19006
28363
25844
21945
19865
31645
5147
30900
16288
20453
26214
10661
30099
4857
12456
18854
28025
9936
30920
916
12550
3933
4034
3593
24514
25627
3310
18826
9320
32746
3717
3842
6540
25369
25441
17007
24961
31684
516
32220
30074
18528
28892
26767
28655
2196
966
3715
22083
28746
4816
19481
9635
4359
3651
8714
10033
28023
5089
1440
20322
27469
26987
294
11428
5962
102
14493
10565
28570
26399
9904
9360
10343
19181
9706
10041
7849
28598
6695
14075
27963
16564
20040
3455
22580
24185
23083
13952
628
20017
9435
22829
8573
11816
22275
12494
9093
5004
20905
30891
31689
30067
32024
20265
2339
18719
1054
21559
19167
13185
20344
1768
22475
29693
21899
9825
19341
27757
4693
6646
7737
27240
15266
9360
6691
5572
1411
26450
25586
10329
2812
30588
18678
21256
12029
2959
18364
29693
2451
946
1759
560
13664
20820
11808
21042
4425
531
21945
6182
19054
29148
32751
19213
16991
26708
20711
19784
9613
9591
30906
32343
17918
8575
971
6631
3653
1032
1369
2060
8370
5745
20560
715
30406
13701
12901
13531
5353
1627
25953
13740
9823
29306
10941
1705
5497
12097
17776
30139
29704
21639
17925
2318
18455
18046
23792
22551
4314
30429
10018
30166
6113
16702
10459
20568
25233
26308
27328
10625
22485
27906
27949
3336
28177
25624
26060
26563
30040
22559
31591
9253
20958
29128
29690
28677
15024
2623
2317
4000
20642
13910
22080
25058
8585
3295
5672
31201
27563
11353
8537
29099
13684
17360
25540
23105
3435
8958
15428
27875
1636
5558
31347
24974
17398
3715
28354
3780
11055
25740
16585
13963
2951
10426
32731
9400
21523
22045
8670
621
10491
24972
25689
737
27950
27788
17359
19807
5204
8052
32076
18578
20741
28366
20029
11007
29496
20479
26244
29907
2814
8491
16588
14047
9072
18515
21786
19169
10725
19904
22949
24837
21865
30117
1512
1707
8811
7424
3061
2667
14006
24001
15372
24918
16803
15918
1644
29055
11404
28550
20329
26043
12163
24548
18879
28324
7748
9063
19238
5348
361
30864
20263
176
20445
27627
7213
23186
23699
24306
16095
10604
19576
30254
20397
20922
10406
12959
13993
6679
24794
14942
24985
22787
21032
5249
8266
12259
9709
23615
6951
30537
7430
12117
6153
16502
6975
23463
337
4125
1806
4139
25397
13930
20866
5379
21335
26691
14966
20201
30364
32206
9482
4560
6459
31283
4180
1736
3348
16547
2130
10531
16964
6809
8995
7894
19958
29535
24183
28706
21371
27861
28997
25203
926
12654
26044
31368
9777
10107
3963
27092
25068
27052
12804
27428
13944
10451
27502
21123
23750
23276
14171
21594
421
23387
7722
18396
3732
24692
25710
26785
29908
27200
20126
23441
11970
3710
19726
31492
27492
17897
9245
11816
6210
7865
25776
20386
15735
30828
18656
26488
24583
11462
18672
15406
24179
18967
31874
32559
31627
17084
7178
6255
2948
13800
13954
21839
30538
13733
28512
32449
2583
11797
22725
6828
15685
20990
15863
23698
30305
12421
29201
2416
27520
22586
30457
21221
8662
11093
4243
28055
14980
18751
6196
26323
434
12629
9306
32115
29662
744
22682
517
11635
32392
29145
553
30878
11394
25279
17211
27997
19623
5225
20530
22489
29519
8030
7880
22773
30622
4293
4060
29991
5894
4053
20244
1415
29197
30604
21958
16165
18001
14500
5401
17568
2505
6083
2919
30196
19277
7154
18662
29332
31833
16720
10120
441
2062
17415
14879
21753
23417
6016
14021
22811
17176
24019
24699
2346
16794
29570
13328
30664
17383
25446
23621
709
22112
22249
12590
25840
16232
22134
18139
6701
8995
28206
20280
18888
5245
2781
21298
11017
14191
9004
1819
6153
22654
280
15952
17091
7556
16290
16921
16494
13234
20680
4048
24331
7894
8117
16966
31034
3546
9013
10850
15441
22669
29803
23307
5295
2727
15814
11336
13390
8199
5681
31142
26520
22078
7306
8155
11388
14161
26454
32168
16320
16827
7347
31748
5273
20914
18061
24950
27257
12203
14101
29891
29992
26656
4463
13001
19222
20625
19115
7083
3568
24009
14071
23342
369
12130
30483
20579
1147
29835
23045
14471
8294
3593
1805
295
8856
4476
987
1415
29781
4580
27392
15173
9433
20835
26275
4666
22948
16453
17269
2977
6422
27965
12263
19579
9019
19185
31642
12082
19688
28345
27414
6268
4359
11428
29632
4994
19503
13501
29702
31042
22136
5516
15325
10033
28557
18399
31085
2341
12546
10186
24074
31347
31464
32492
3943
16980
3743
1012
14598
12174
19436
29540
20979
5968
17483
9621
27314
15197
6279
17915
6006
23404
21639
4011
19092
30159
15723
13082
13110
31572
17880
18728
29780
31337
7311
30557
18400
1411
2373
10610
25153
22720
2991
1043
10755
715
28892
29923
6093
5376
21191
961
21139
7888
13869
18762
23564
30823
15004
11934
24935
8333
4301
23143
1082
12746
11059
28440
12219
13006
23764
32371
20018
17935
23128
22094
29358
31924
20831
2710
19191
20658
2584
24724
28101
2613
18192
32623
22831
5185
22343
2547
13670
1177
3721
1424
12195
23264
6139
12966
350
15102
22261
14848
30657
9925
18959
21406
3932
31445
9343
19127
30746
12988
4514
766
5492
14434
22232
25381
20196
17061
18325
18591
17565
1856
16309
26795
15481
17393
6160
17038
23347
25307
18767
1823
32214
15913
12542
6537
18293
18164
11490
3405
14109
4966
140
17798
23048
6176
14638
6513
28179
4314
942
8748
2162
23625
10489
5566
5283
20294
9370
21336
16288
17196
2443
1243
9049
25474
10570
31129
18017
32474
12592
7776
17384
24312
12799
14005
12265
27703
17850
15197
2980
8233
18361
546
24143
2942
21244
4819
17929
29479
31424
19853
5391
18619
29008
17977
20274
537
4382
31062
7049
5199
31762
15865
32355
5562
17698
6417
28543
19311
22563
22000
8320
9690
5086
2055
1947
28837
19047
23025
659
14811
7082
19892
9703
13390
24135
21059
3146
6454
2720
21063
14931
19738
23599
8222
27254
19444
7454
25380
21811
8336
20497
27186
18829
27445
11335
1893
10686
15239
8161
22817
8233
16812
19585
9301
8336
6830
12823
9216
2439
15392
31736
29172
31272
17157
9265
27866
12297
10733
24858
16246
363
10849
4398
27948
18356
19841
6425
1987
20000
28652
26643
29290
6323
15584
5741
22008
6002
25763
21097
10872
6610
4641
3919
31205
5745
25558
10941
16434
6916
27630
31807
3213
30864
31659
799
18405
32734
15880
9855
17578
25129
26012
15268
31700
2585
29120
18069
6950
245
20212
10469
18612
13332
22143
13005
16291
11924
29014
19070
10800
6991
25151
7604
23795
8971
31542
4495
22373
31473
16912
25759
11681
14145
18526
14141
16231
13891
14996
28194
24678
14209
27243
9010
21947
29491
22659
6297
19637
17915
333
25113
11995
17618
28968
14498
30512
19778
25546
11300
27829
26071
29410
10145
26160
720
6139
31622
31532
793
1444
25147
17985
31102
7118
13049
7317
5657
31605
14044
24227
17420
32131
21561
17979
20342
4337
1073
21962
10143
17455
18054
19676
4470
32198
1966
17887
24126
10300
11558
24874
31364
21815
15369
8510
26964
7142
19937
23627
32684
13981
18365
26358
29745
9151
1924
23641
5921
19937
31624
10059
18057
32556
22622
12514
29368
9219
24814
22583
18163
8422
29894
5993
19050
16279
22708
31205
3435
30587
28051
18404
14038
5442
18789
2869
1489
1483
26274
20796
7100
18497
24016
20027
8808
19339
23892
17872
8835
15075
21384
23743
7767
32196
32525
14322
17589
28426
22883
3262
20523
3925
4022
1640
26237
13998
32251
9448
3155
2413
24636
30956
304
13401
11824
24864
6051
13330
21775
11437
24001
11180
17316
18175
10706
3741
31908
20684
24395
8665
9022
19026
32765
6203
13811
13024
23947
20007
27560
16791
32545
26734
26362
7026
3939
23153
13265
10884
26276
6026
17208
31361
1369
29607
22892
16000
4813
30520
8754
25599
13334
10828
24430
22312
20295
6902
26098
23635
3815
8950
23700
8907
14754
12437
29059
29909
12863
5841
31195
10478
13266
10426
12150
14421
7731
9244
262
7881
26286
12126
10336
26516
252
28330
31515
3016
21618
29775
10586
1481
4473
4195
24294
15883
31550
17324
31360
13597
31147
22977
20341
3815
1941
28268
9586
25392
20791
25171
27290
30563
5855
727
19414
17810
10215
26941
10092
29883
2535
21771
3540
9802
8233
1461
17607
15584
26461
22393
152
83
6542
10120
18375
17142
20053
17254
13524
27674
27469
26515
2641
3028
30918
4459
19771
23553
11966
10315
22922
21128
19981
16885
9479
10463
6623
1590
9310
31953
1383
30150
1652
28286
27090
6255
14842
24483
22650
22129
28995
14363
23901
294
6226
21414
17869
20194
28984
31978
16233
19997
19101
6583
25419
5076
1180
27791
387
10540
22484
3942
16580
31833
4795
2982
26206
22718
16694
13174
23148
10837
29287
8252
15439
4178
4294
31328
7003
771
116
28244
10191
4347
30668
29393
28683
30575
17978
17507
32253
6624
32080
14887
26845
7418
12310
22483
12058
10429
15522
16632
27796
5594
21481
29060
16651
2656
13269
24459
31447
18839
18328
27207
23002
15148
8767
14941
32436
28047
1930
30561
23093
6042
30459
30365
12568
23923
27949
18190
2030
23731
20327
16048
2904
17352
13681
27900
18553
30872
1446
5806
18859
4710
5963
7883
27505
11002
20255
227
32174
19196
27187
16531
1300
30114
27388
29263
12510
6027
23719
16734
22722
23786
24748
5926
5921
13030
15014
18346
21378
30785
20066
26449
20798
8504
17462
11753
5756
21163
18324
2795
16224
14462
5086
20225
4480
6975
17276
3781
25496
30985
5421
8908
11646
9640
7066
26851
21592
13821
2865
10904
1804
15012
6704
19709
16120
3541
9984
11688
14564
14472
6341
20734
31284
13021
11827
17842
13922
954
11939
24968
10412
950
12646
15199
13834
18230
28505
1646
27491
29653
21177
13006
11264
1290
14649
30520
9281
17413
7250
10257
21647
30425
5083
32675
18577
2784
26329
15278
20131
15963
7832
13343
17284
3418
20475
20255
17998
26076
3856
30287
26796
26422
16615
29010
12103
12473
16293
18829
30337
911
1236
6954
3942
15334
19965
30563
10463
25937
28537
15357
22825
28266
18820
1042
23430
16317
5011
5652
22067
14817
29160
29455
15513
24296
2403
27438
8647
11002
1435
23425
3872
24636
17709
30973
13137
18934
8276
19653
32135
15094
32186
17832
30942
19247
10638
746
31772
6310
8919
15431
415
3983
21256
27445
15252
32178
25556
6506
14442
29972
10051
30878
11142
16852
17926
10130
11833
30547
10248
18513
3311
22679
19269
19381
29865
8178
31967
5678
5293
27102
10350
25023
2171
18220
12696
329
7684
14942
3043
26892
19479
9297
1222
8299
27932
25631
29702
239
4612
11843
17984
26255
384
24318
5569
13615
14193
19450
17822
22374
30880
22830
21250
6788
20144
21761
20674
3028
81
24498
16695
15134
22966
25079
16972
1648
22856
22244
16342
21278
5276
27919
8228
22536
27042
17138
7895
23835
20512
17040
18932
5147
24415
24668
21816
28319
23589
16726
14252
5469
25314
3191
18297
25767
558
27471
18428
4662
22899
32237
7709
24615
4071
17919
7901
323
14270
19770
11311
4739
29085
2812
5129
19923
25681
19760
26042
23063
23745
10355
12670
23660
10785
13172
26192
11952
2665
4513
16895
24388
15110
4352
1924
24080
463
24410
28563
31432
16954
6815
1904
6254
29392
16518
29188
14873
1758
16756
16176
19700
8302
15007
19809
21385
7797
7027
26981
22080
23374
14901
8317
15650
12135
7142
30899
30435
3131
29546
877
4384
17280
7145
32323
9701
20129
4726
30222
17010
10862
13038
8257
11071
6931
15395
24189
8509
27718
24378
8287
3167
453
24146
6045
12121
19456
32359
29265
18600
29970
20597
3988
17618
23030
5600
25167
26095
9208
17427
30286
1128
5737
27495
19350
19711
25751
1351
31737
8207
9213
28051
24295
30229
11958
2881
8071
28016
2616
27722
30982
25957
9790
22724
3376
19046
2054
8523
2365
30612
13757
11430
3309
20866
30264
2216
2007
32316
14564
595
253
24200
14848
2372
31909
11371
14089
25163
29796
25327
18294
27993
5500
21284
11686
671
14696
2661
13335
10996
19636
28124
27352
14199
6162
12105
22849
31862
8107
32510
30689
13199
3251
7982
1720
18709
21824
15464
5030
6326
5724
12127
17700
23898
21592
3052
15666
22605
5476
8534
10384
29601
2653
20432
20017
25550
14822
22339
13037
3228
25018
846
9590
11587
577
22668
18061
6096
18529
10005
24950
30666
18838
9799
10409
27670
17989
32198
10954
30744
26189
24513
5083
4123
9184
6263
3761
17651
22673
14074
23204
21216
8365
13107
27019
6070
2255
13607
6632
13371
14767
24952
24927
23761
5691
20271
31597
7509
32745
2744
28758
5190
13643
18990
2143
26922
32484
14042
32574
557
7738
28662
3023
15628
13100
10934
4104
12081
2950
5001
1327
12576
4307
21660
30794
14609
18546
26015
10968
18654
6636
2253
11198
29472
20357
6438
31876
15253
1297
3583
5825
22214
30985
22461
26068
3302
29662
31198
2261
17404
14733
1593
28876
30021
14708
23942
12064
4563
28772
22816
2130
6779
12535
16906
7914
28398
17956
14640
19122
6182
9232
29936
28707
4612
6951
30681
27677
22583
16748
9395
26587
14943
1549
21439
10533
15218
9019
19776
12999
95
25144
19769
18755
4594
26034
29817
12227
30200
28239
19157
12625
25507
19849
14005
19018
5936
31420
3538
1552
2246
32381
9021
25856
2722
10286
30372
24228
4721
16847
26833
21545
12797
13847
6515
1811
780
23748
21025
26671
2693
24879
8860
21193
22229
30499
4692
2080
23953
20975
2862
32535
23645
4538
24965
23597
16652
6935
7535
9647
23817
3290
26945
2093
26613
18473
18773
16170
5521
16086
266
30231
17119
31724
18701
13699
32388
6791
15063
12428
28785
7913
5495
1689
25794
26059
16274
19787
32230
7665
10920
30384
20993
1
31640
26554
30606
14485
7271
21232
17737
14479
6973
11108
18764
24493
31408
17381
15224
13661
22341
28277
28438
9170
1588
12286
1982
26967
4460
23616
30072
13283
13527
11790
31778
6894
16607
12218
18962
27524
1585
1998
25084
31384
11969
32252
23573
29082
10254
19544
17016
18764
679
4293
3273
26321
27374
29357
32537
3846
7964
20726
28682
9238
1669
3121
14900
24905
19998
16660
23751
2333
11836
1834
3953
14744
15774
1993
19842
23260
30126
325
7246
23548
19460
2659
4306
12814
1324
10768
22683
19842
9385
5971
18916
31154
7737
13697
16127
23225
11355
8368
16630
32137
28687
24173
17777
11832
15837
1714
986
2203
15384
30994
9664
30486
13924
29239
22137
5042
19062
5518
30220
8048
21019
16193
29518
990
11900
12902
4426
4839
22688
30582
7142
30959
23346
32512
20420
5408
6533
23710
31079
11262
2005
11817
3991
10306
14544
809
19718
24037
25684
22671
3379
891
19323
31911
28815
21954
7637
28488
3039
6523
17396
4686
9953
28536
13102
15945
20018
12023
11934
3959
15471
14894
6508
32496
24218
295
15950
7201
30656
9934
12367
31355
10201
31817
10448
10092
23024
18055
1740
15503
23940
540
21344
25120
12077
6476
28554
21938
13443
16485
20273
18724
28475
27731
25957
11729
27539
5998
9705
16391
28145
18582
16366
26299
9158
4226
30242
15226
23481
29013
14313
20131
2306
25714
24554
31700
5651
29330
15310
25250
19070
4628
16708
22413
18451
16276
5193
24882
25416
1214
17062
5571
23263
24932
22714
27829
12994
19151
13177
22712
13874
13651
13237
15852
25888
23590
13981
6226
20699
15219
30595
26241
11244
28841
16098
11418
4414
29977
671
9085
18051
26304
23439
26685
32210
21345
29754
16338
23189
14808
21726
17166
15778
13738
12471
1747
7336
2272
6270
5250
26829
30742
13872
18102
18581
11471
30224
24115
10502
4619
16623
25369
27146
24348
11179
9822
10772
17589
16374
30586
29958
28740
16984
25188
23123
22913
6519
2494
11872
3655
14999
29004
31537
28836
16221
19627
25665
6956
2264
9792
433
24466
5058
29294
30373
4985
25090
25356
18156
8071
7542
3862
12255
1211
22512
17058
2187
19457
3198
2838
27922
5124
17903
21401
14670
12612
3730
9671
5816
5224
3393
25257
8584
27349
29598
2020
26910
11647
8605
21808
20385
4607
8771
26124
3302
4583
26029
5041
22675
31826
23635
13124
32644
17855
22414
1103
26733
2591
21336
25458
19393
29996
3411
5462
8915
1277
3342
15843
4668
23255
387
22451
21372
3655
6116
16326
25060
13933
12183
10615
28339
7579
3967
3758
24703
21279
125
28760
25046
3932
28982
31508
17190
7712
1815
25647
13274
17201
16535
4819
5830
19753
3260
27003
30149
19076
31713
17322
22688
5368
28086
31709
818
9989
24712
3518
24266
28620
17859
10394
4817
6436
32693
17941
4269
29675
27796
6429
5860
32410
8899
26908
28549
14876
16977
11634
28100
16609
32707
32034
28388
21550
19475
9931
25178
21431
15864
1243
7471
21359
8296
25087
31910
17311
19035
478
7199
24373
9171
8710
8763
21599
31769
1830
26945
23385
5449
27263
1728
12164
2320
23445
30326
7863
27317
27178
27761
8921
19030
11372
4724
14768
32117
30062
13468
28404
20659
20437
8515
19624
1754
4308
16421
9642
18721
5978
9409
28296
27820
2953
8195
6293
12627
12907
5407
9020
23972
10720
5568
22421
23595
8411
2402
25142
15857
24526
25596
16204
17986
13667
12259
11498
25523
7021
28395
6048
14948
10270
5839
13648
9091
8058
11475
16957
17937
14603
17575
5221
11497
28119
26255
30993
32254
25231
8385
4266
14052
16905
18446
7374
4754
7152
11205
29859
31846
7099
16597
4971
13417
11227
2097
30041
2261
22841
13433
13987
18644
2783
21206
10457
21643
25077
31526
21109
28247
22000
19289
3251
12630
24838
12826
13219
20778
20709
19634
7292
1785
4004
23594
17971
20408
30970
5552
30796
24490
4014
21053
17393
28451
10062
24948
6977
17554
22052
972
29418
8126
17254
20465
8698
27216
9645
1896
29682
20882
1448
7794
8476
11638
6418
31540
8479
22746
18913
12308
3025
24330
15809
13670
31820
8839
29120
26184
10820
24839
15947
17610
11672
14524
22361
18771
8230
4825
7398
16704
4580
5971
20387
205
813
3556
32236
27705
22872
20566
15610
7205
399
12798
602
8510
13790
135
12701
11035
6283
497
12882
5736
6566
5080
8753
9797
23264
20474
30617
27881
1441
23028
10301
10123
18260
14924
10266
4482
26630
27316
21676
29355
12079
30605
8289
27915
2767
23211
4686
19893
11453
29528
28192
25838
4668
16283
6230
10640
10704
15034
2734
11180
2896
1277
27869
6771
30267
14517
9603
24919
2639
4221
30558
8301
28248
17088
32446
1046
22855
13947
9017
16350
12675
30020
20895
12452
13956
32396
4657
27132
26781
24609
20237
13009
8985
14326
24301
13647
7306
807
10257
26111
16734
24120
28538
26164
7347
6814
10329
26023
17261
19840
22471
18270
30085
15294
24758
3538
27043
18227
19496
21072
30448
16695
24991
19360
4389
18024
9172
10213
19177
1963
1451
15812
21081
9325
27495
22728
7144
31279
19482
9477
12137
3393
1888
32252
19306
28365
17229
9407
21188
17432
26276
8534
14448
21253
842
21344
23964
14299
17658
30205
5630
10311
14393
6892
18025
26533
32141
24817
20894
20603
15594
27002
18276
5958
28013
20865
2523
10874
17741
12724
23821
21444
26126
27092
5318
32402
6391
15195
21670
18389
12231
30561
5748
15109
23972
17344
27317
24678
7252
15223
10109
139
29103
28236
31110
16664
10580
950
2943
32460
22172
1273
14246
2238
13004
4755
30617
8422
11151
2263
1641
26080
13731
22488
26865
2541
14290
4744
20582
31547
8740
31009
2863
24934
1363
708
30710
5182
15999
10848
12031
28619
2851
726
21944
10638
6472
22107
20626
2826
26616
21789
18192
13699
3062
5929
11805
21254
11436
30092
19619
22697
19813
32440
28249
15892
14012
2602
14557
20032
5204
12106
22274
30079
6858
9107
28267
12477
18920
17395
4953
517
7964
19829
11969
3655
19496
2333
2722
18520
17946
28435
30869
19770
16511
1285
18086
21918
26836
31686
30306
24743
30269
20539
27185
31729
24954
29559
31974
19666
22806
15909
14229
16095
17889
13094
6564
31666
29601
21884
10021
4075
12805
5479
12643
24949
474
6349
3515
23307
8833
25311
11950
28922
5025
7930
21300
25384
24345
4811
16466
24661
16185
31671
14574
28321
30001
23418
10211
15694
25545
30734
12369
17352
16979
4814
6198
20962
31710
6875
16707
30051
3757
24255
9192
22721
32744
336
178
32556
14224
13783
15318
462
22712
1906
5902
12882
27123
12215
15779
18083
25097
16538
22219
29174
27886
9617
4662
3850
31988
16374
25316
16302
31807
8876
23609
9605
12921
12549
25939
6150
13000
9443
13979
31686
26109
16414
21914
7930
1295
11558
783
16183
6087
21226
20286
7293
19388
8184
18570
15732
14210
4325
30790
18677
24095
30191
8649
6348
1726
15329
30656
27069
15528
15415
15305
19653
2927
22659
31805
15777
19308
25871
25676
661
4716
9924
21072
14694
7335
26698
10331
13736
16882
27249
2834
5184
19253
13264
703
10273
15390
940
12961
9305
25879
27675
6791
10065
20854
22376
5789
2896
26100
31930
4485
8258
17249
2033
7337
12984
16790
30929
25296
1071
5802
32098
10480
6293
32361
19350
20803
32009
30209
15917
5277
27619
24575
14550
26109
29172
9338
6039
13410
30991
8590
11630
32480
23495
13
5689
28402
26235
16496
24531
27922
27024
5140
20096
25479
16638
22179
16523
9087
29966
15311
29997
8285
22626
1351
15025
30036
18229
21731
18390
26933
27620
28450
17525
25733
11437
471
17763
3539
9911
17183
16281
72
23123
31894
13970
20608
27778
22219
10741
21400
8631
30961
1652
23689
30174
20695
7668
25524
30108
5914
27374
19646
15577
25497
8981
16029
15996
26153
23865
16883
14709
6026
20075
6555
32513
30362
25186
2434
28201
9673
13085
32697
18572
31949
9162
21448
17503
25239
8935
4164
32690
901
22439
31396
14581
14297
16023
19792
28858
11882
31105
22523
22717
12185
22160
31283
13345
3207
21174
11318
3324
3717
6987
2568
25366
31436
21239
5314
14318
32367
7633
7725
7166
5773
14536
4751
8512
18635
8259
5317
22257
16385
2564
8338
12949
8500
13906
10039
2619
11461
23639
23108
1026
32743
13767
6317
7900
2646
28098
12832
14482
3143
30460
29846
13577
12442
3355
14377
10947
5975
25952
23845
14504
25688
21130
28769
26887
9795
24567
27088
17880
10684
10253
14675
580
3288
27096
5585
23911
9940
8692
17034
8788
6151
10926
16040
26969
5653
10086
4887
32389
18534
16184
12951
4456
18646
27355
8208
4634
7342
22984
20261
24447
14804
12959
29451
10952
27710
12999
12188
13373
12204
29013
24743
17722
20887
18736
27531
2936
28516
11890
20228
14734
9438
29457
25924
4280
32483
16062
3142
14294
1629
15885
10335
952
30581
19671
13590
5272
30979
8157
22581
27880
26696
12717
11040
25935
3295
30410
11878
8686
18673
7431
7062
27879
6569
23092
2388
6688
31719
3580
5547
22596
2361
15118
2725
4875
24839
7035
12569
19132
12813
21599
17861
1264
30734
3268
17564
15000
16839
27587
32353
26433
4899
16876
11381
7575
14253
25065
30446
17704
6474
27741
8424
25963
28456
4882
20256
8705
22770
5972
7359
19514
14918
1944
29299
11739
27240
98
21444
28959
3128
29797
5798
18939
8801
16363
14666
17574
13268
2935
19002
23897
5237
16809
5797
17748
9747
7267
4855
31009
9630
3370
12717
3100
22676
1231
7272
19763
11965
24142
832
10475
11288
28918
30298
27811
12053
3530
32189
20253
26372
27688
25441
25146
3790
18856
25481
20997
16355
16711
14163
5363
29043
7621
11662
29034
30689
11083
17867
31871
6261
19537
439
30212
1361
21951
24744
9666
21926
30290
14709
7683
20007
11586
26251
1876
3518
5154
30781
22920
29310
7
24924
9728
19162
15852
21000
22314
10004
28245
13509
2376
24312
17459
466
24691
8137
11016
23734
32735
5756
6219
12315
1632
2596
3086
15327
13357
31406
1246
18793
7653
6094
27371
31289
4303
9273
13929
25795
3174
6421
21813
29566
29973
7597
5052
14904
25663
10090
3353
13740
14722
22015
26237
10582
20797
24547
22996
3974
1103
8964
21413
20404
21794
11706
10298
12051
28137
21497
9218
12136
21541
9420
31539
20509
30062
21502
23731
26001
29040
27674
11321
31411
17716
23703
10160
28879
15265
14412
31708
20904
18242
14378
3135
1990
10569
22057
29246
28945
2516
5251
30592
32671
25968
17697
3991
23755
29659
25938
5346
17031
27663
25027
19633
32499
18811
22188
30379
22062
30356
8263
27501
13931
140
20358
3700
29256
14433
22277
5949
30044
25882
1086
30122
9999
27470
6396
21928
28591
3557
6418
1551
5056
11298
8268
18122
22931
8418
21670
16951
11546
10014
18620
13776
13818
26551
25218
3596
5090
5235
6709
31104
13595
13378
9617
14154
31585
1223
25413
9391
8946
5395
6820
19971
8164
32180
25501
1737
26043
23022
19181
19740
19771
26184
1683
31822
3195
26699
20100
4814
30011
17286
11681
3919
28023
24533
24294
10534
22077
17635
2788
26612
21691
3822
31089
24198
12700
8394
2974
3321
17045
14121
4585
11810
4666
16665
21172
29741
14871
8654
21750
30851
8956
16290
17201
25330
8088
1114
31396
3080
5449
12971
6849
7871
10035
13565
10465
32096
6032
18798
7223
28065
21318
12058
26114
20496
23487
14490
18951
26293
757
26570
6975
28403
11724
30415
12493
4784
4261
29273
10034
29878
6704
18726
16836
23640
129
29896
93
17496
9319
8103
15696
20744
16121
27721
26529
29104
3441
16849
11637
12592
28478
16838
10951
31206
10836
19222
28765
20690
18887
11867
30458
19448
19096
30556
21206
18438
2767
28631
15179
8503
11977
16254
15057
29559
28884
19775
6956
9672
3833
17864
25060
17636
19225
27467
28918
28964
12604
4734
8137
25504
6181
28903
24675
20120
4138
8278
17629
7443
13378
31667
30996
21957
4448
14585
1186
9526
6143
25731
26893
21281
19454
8583
28733
10010
9903
21472
16180
116
24363
5904
249
9570
3304
9861
15829
3420
22669
6939
12994
10949
12036
8675
15649
30666
10961
4131
11947
19085
10147
30877
7594
13443
13353
9748
1385
28954
22055
7949
19177
10144
21705
5843
31189
1120
32055
28605
19896
27918
5481
12979
23406
21605
28989
8175
28377
28942
24007
15617
28885
23492
22248
1046
26989
22710
15138
6265
29263
20524
29098
9306
11645
14958
14015
17359
5190
738
571
8472
12917
9844
15464
9767
8648
4410
13588
26464
22947
32600
4328
11165
9990
25890
8437
13685
24765
8833
22672
12734
11222
1432
21856
28496
25688
24743
11701
17420
32306
14127
31003
17181
29298
18007
18224
10366
3255
27790
30898
7612
11497
13426
11996
15358
20775
1776
17651
28482
31745
18605
2076
7913
19176
26277
8560
16246
20706
5651
26194
12691
2435
19344
768
4693
30744
11646
13161
24768
18213
1447
32319
7310
31762
30242
9804
16940
4897
30071
17929
18438
6051
22018
18797
260
3180
23709
14851
2132
14468
10873
4415
6763
11295
32333
1298
32582
4559
4275
700
27126
8185
4046
19426
29019
16006
32305
27104
1584
13530
30972
27488
2631
29706
10568
8236
27926
20809
25798
18240
29043
17572
16802
25380
156
32752
8622
10360
11898
29184
30908
15056
21287
2587
21067
11203
23981
20396
23143
28735
17425
8764
28106
16415
13456
13726
30023
5120
27688
7785
4201
13648
22106
684
21335
5287
23087
17116
7162
23131
30841
12049
16994
25935
8027
7282
10342
11275
22283
28398
27787
13330
11223
27438
17448
4975
31078
25799
16583
12434
31553
7347
1229
13402
18065
25602
11102
25203
4395
22221
26491
19426
27081
17260
7789
4062
17818
4584
359
7906
1790
16307
27239
13312
24970
17303
93
30840
16211
28141
26255
1417
2921
6415
31548
14471
1441
15888
27007
3374
920
16810
4727
29238
17140
3447
4517
19495
12525
18788
24725
6767
19213
18788
24001
29362
32051
865
15026
18017
8414
8568
5480
9870
424
1125
16636
31231
2833
19004
388
22913
894
11611
16183
1662
30850
20380
29906
12242
16475
17871
23866
30939
13504
30567
9314
30415
2778
9843
8047
6227
27792
13264
20506
11081
14087
29597
14166
29929
617
9712
15155
4115
22246
26567
9219
1507
13049
12354
29883
21639
18157
11791
8860
22605
2463
6437
28690
19200
2693
19637
28380
19829
9455
15709
28013
12129
30861
8096
21394
26989
19250
21139
12886
32141
14295
25304
2851
12685
20195
14800
4649
22509
2986
19725
28675
6894
17203
25094
18072
32237
28734
14863
32064
2288
133
14984
6185
21119
1859
25940
7928
23477
30963
13709
22195
29334
21594
13429
21214
3747
23751
23216
8676
23468
18842
4529
6329
26342
3843
26995
446
8765
9228
22121
13029
12779
27098
2999
20245
14410
6191
17826
14032
5094
21300
6213
27667
17367
20086
5766
28029
26190
8494
25929
19636
1389
12229
3812
1029
9820
20119
10962
20298
20121
504
11691
3089
29583
32628
30035
25850
2155
21595
25970
19553
7723
21886
10277
2621
18935
15411
26356
24904
17845
5279
4099
3937
32472
24884
31628
11566
1912
6008
1420
12549
7592
23048
28605
6413
15620
5085
8133
160
28297
22735
3501
9460
19114
12119
30356
7419
24991
10137
10149
18567
32257
25506
30022
15026
30100
29934
12946
9085
31844
13101
15626
31927
11795
28742
28807
32289
16753
11677
6004
7375
6733
13970
11065
6609
11659
17482
30970
25619
27511
3761
32386
20866
9305
28351
4986
29552
6986
30203
13023
2618
15173
7998
30899
23592
8833
31930
10226
29588
30718
1850
19655
2127
16222
29355
20224
6208
7927
11228
2240
29518
19494
25474
13683
16001
4582
19071
19719
12899
9633
25444
8026
6317
15942
3380
17390
19743
8603
11115
12772
17840
7125
3902
5160
26087
5478
1573
11753
8585
15126
12695
25420
12916
27733
3092
14945
26059
25551
16233
26710
17491
20034
12336
16106
6685
17292
25238
3621
8550
22025
7265
20038
21691
11291
26673
9726
11361
22538
24069
8411
19187
25103
21762
10759
23885
14507
25200
7986
12713
31549
18950
4045
18952
21204
17255
31865
28116
19778
14572
10943
32451
28274
25508
24833
5374
27643
26777
7856
9859
18164
23381
9408
15815
14347
18853
25177
928
8657
13469
6608
8291
32088
6876
20949
14409
29952
30738
26350
1816
8590
23999
20772
24319
7550
2365
29179
3777
25243
6912
32424
29462
9676
21277
23167
14158
9521
30473
30123
2359
7278
17571
1057
17473
21319
5749
8407
22496
31342
7479
12592
27954
19096
21141
7355
4066
6614
2355
11550
24140
23331
15853
10829
1249
15417
3683
1792
2253
21930
30901
12643
9688
8491
18571
23567
17290
10803
21849
21305
17811
11461
30177
12841
15210
5769
19705
3310
13107
7714
21390
25169
13286
25788
17385
27143
8878
21988
18993
4907
6031
14749
7729
18155
25932
11440
27228
17281
22664
29507
9230
9061
29227
22957
14613
25792
8455
6025
13936
1316
16060
26889
19542
1403
21464
21134
21371
27198
26435
17013
14222
3048
23771
1331
27398
19369
10075
16292
18462
94
20865
25504
798
12225
8816
21200
4573
26589
24915
9151
11396
19654
31811
15668
19348
11910
5739
15296
18219
15194
16745
21907
31619
8735
26104
12435
5819
14599
8140
24240
29658
31888
4286
29809
10001
31415
28457
28115
8000
32360
21396
21844
188
3898
2449
24907
7504
6489
26596
31610
11649
20931
29672
26342
12054
10936
21551
30695
3288
27755
22121
4731
29591
17918
3207
25311
30829
27309
17696
1121
29767
3914
25363
2672
14496
23529
22638
8181
400
9692
18574
12518
18694
1506
5512
21015
24401
7835
23752
23380
27878
10047
9976
26542
16733
3728
20260
12306
5052
18957
25883
29728
6136
9577
3864
25913
3513
9787
11937
18394
11358
22519
19632
16169
4161
5149
4369
30414
3388
6832
18699
7940
2668
3818
16706
28400
19252
11310
30428
8497
18821
18238
25571
7864
1373
28590
27370
19418
28046
