9970
26856
5715
29020
16090
24897
9558
13163
9631
14169
20508
18222
23634
12940
8418
11520
17587
17704
14862
20926
23543
27681
1810
3104
4808
14087
29842
1097
26254
3126
29641
14748
8173
32077
19753
6866
23182
16353
1601
25673
14883
7794
24292
14495
28837
30109
10632
10112
31200
4500
748
5820
12338
32716
11518
16797
7824
10485
4347
17015
13257
18223
11480
23168
15119
3195
28641
27618
15795
3439
19104
23055
12848
17455
30208
17493
7275
16280
13746
20146
825
21182
6608
27881
24354
22681
960
25557
26213
24571
29276
29950
23099
21445
22863
26730
14688
29531
1986
26806
31696
12117
25145
25957
15310
15992
29623
28535
28715
32484
6697
17469
7109
30606
20993
31341
5710
3569
25890
1394
21071
17409
252
773
17516
4705
30712
1793
20457
13013
12822
22899
23661
28410
4308
23281
30982
18229
19027
814
12398
1513
32693
11723
29325
4845
4809
10607
14142
6973
32490
15641
15958
24815
14628
6069
4323
18281
23449
24046
10161
28626
8227
19012
23315
31174
28219
4958
32735
15438
26
3233
21947
2831
25373
13569
10903
23489
22382
10263
22395
24547
21217
9588
31363
26285
11036
8758
4648
6983
11003
6361
24000
29496
5939
2895
10056
24865
26165
27474
23138
8107
12117
23801
3226
10430
5419
1929
23277
11508
12089
26766
16524
8013
14031
23851
19165
10532
31532
21935
20163
6753
24806
26472
799
10737
28812
12476
9367
6771
14473
17269
1686
5940
1611
2397
13715
23902
15013
22283
3735
1388
15730
8444
28665
225
21628
1766
26476
8250
24988
10568
317
13601
19490
32070
7381
9443
6518
4788
27269
32548
30976
113
30339
27858
18246
27382
25903
2903
19540
22830
17563
2067
14689
19337
5963
4105
10671
18764
31801
26584
10931
22571
6172
16366
3958
4633
9194
6392
4923
19807
17564
19612
3938
2795
4145
3691
18572
7915
25589
30993
5888
18331
28675
31695
28238
9819
7177
15404
2098
20229
10571
16359
14010
24957
13803
29487
8619
24970
1383
24342
29474
16612
12899
9284
14199
20366
11689
3560
29798
1637
11886
20725
15217
24570
30679
19338
15232
13213
6075
22705
5579
18106
683
3149
31225
2153
12591
27470
19849
11072
8787
29735
25202
4459
26466
2946
262
16127
7410
8498
18716
18060
29984
8553
11886
25586
14109
1579
5184
14709
22506
7426
19523
25363
4191
21748
31928
21524
5234
10418
12760
13028
20406
30994
7796
10014
19234
27583
20441
19945
8212
8751
22774
18567
7317
23766
14529
6443
31967
24218
32726
16907
24093
9350
31073
23223
20081
17858
23359
4009
7739
4035
16736
16413
22169
12991
30832
11811
31018
4708
23478
29938
27928
3785
19004
14719
15701
22949
30512
18766
3108
11199
6538
7048
24540
28325
16111
26703
11496
11937
17877
19022
16659
26857
17129
7828
29699
2582
21933
5794
16642
12503
12390
12482
11781
2279
22325
2715
9190
21052
23172
16899
7157
26754
4259
22548
18095
24263
4787
19074
4045
888
196
22315
9089
24716
20794
7664
22780
3071
12149
5316
9779
23682
11697
514
227
22129
20010
28932
20690
25861
10116
21745
22361
13259
10347
19926
12319
15444
15991
17401
20263
23598
25682
19818
8205
1812
23324
4570
10892
26978
4878
8368
24644
3788
1886
27994
30650
24910
4451
26081
30881
5222
30458
22465
23896
20610
14376
5879
28083
12980
24577
7003
14078
29869
23752
2096
17727
20713
9047
20986
444
30503
8641
30351
23229
9500
17719
31601
6291
14184
5928
9819
985
18121
13740
9242
16634
9615
11043
4510
1268
20816
26905
6993
1883
11484
27246
9896
21920
5747
16563
14839
27539
11830
4310
5769
13607
24796
17154
14576
23925
2726
27073
13210
3844
18069
9316
6053
2376
15834
164
24564
12136
2958
8073
4739
29765
2211
8587
3063
18359
5147
7672
10618
26905
11127
10645
17605
17161
26483
12424
13950
13417
12528
10101
21189
27305
16946
22504
5130
12617
18507
19443
26657
23193
14551
7448
21400
9668
12266
10856
24392
17932
27207
31213
1066
28503
12243
18758
2412
3051
16969
4497
2244
32630
9262
654
3333
6993
19464
14592
32496
10245
6091
13399
21580
10255
5268
20365
13625
14304
28313
16718
3009
12072
7520
26459
12720
26452
8240
24880
12453
19285
24262
15845
18538
5284
584
16722
12161
22915
23167
1142
16895
20613
9024
29978
4766
27984
15915
30897
4621
15010
13465
13955
16522
5522
5583
19722
7603
11801
1400
30364
19097
28880
3666
24907
4631
15867
3367
15882
19298
4551
18431
19217
19168
464
1428
23938
21822
13286
14598
11852
18621
12817
5584
28239
28876
16338
8187
26050
14300
5292
3217
8914
11120
8163
1621
31628
1651
14724
10929
26365
13775
25765
21232
29080
2875
1774
32173
20696
4692
14681
27787
23078
15344
5685
18983
24828
21423
10353
27723
16459
29651
24599
1637
4890
27473
12311
24631
24688
18983
14662
25807
15989
2033
9894
7610
12500
30903
7912
28277
18019
1034
28463
9252
14854
21071
21271
11654
6865
25690
32246
3881
16236
18751
18786
26586
2236
26212
11507
6496
14271
1499
25417
26986
23224
7919
24657
11973
5517
3325
31941
24274
18797
10374
31474
3896
24501
30337
18622
16342
15381
25078
8937
252
6639
13256
32147
18906
22783
15571
22015
4920
32065
26166
20886
2664
26127
7154
20015
28793
138
17845
18317
31150
31036
16880
13865
16686
12540
5935
19250
9469
30993
20394
11731
7723
23194
13079
7604
26956
27949
21187
7875
4904
190
7137
4660
15795
7874
25634
24774
12607
9877
9350
6729
3568
2329
22129
11869
12656
26529
9985
8828
9445
6669
29855
26939
10016
24630
19156
16076
10007
17036
20574
11976
17046
26109
23428
10027
7473
22297
8358
15521
9085
4212
12056
1024
3712
16460
12337
9493
15205
4460
7326
2723
11124
31568
23548
21417
16450
23946
679
27108
2085
27237
8652
24981
12011
9415
24006
1668
26316
30044
16039
14917
23964
6896
28436
1978
4678
31261
23895
4057
7797
4135
29359
13231
18580
3364
21738
8101
29177
22880
26166
7171
13661
2559
30517
18098
18832
2276
24399
6726
31850
29650
28492
26172
23045
30417
29218
7295
21545
9684
12299
6193
32264
6552
10203
16809
12332
21455
29329
13240
10413
11902
1324
17969
31655
23204
17600
8616
26603
12828
8392
16505
25589
24772
10174
269
30495
10463
18921
11608
13076
18104
15991
7078
24966
14217
16075
19608
14884
26522
3096
10857
13510
2989
29487
19830
19435
10650
17045
27134
17254
5175
26329
19238
18260
24186
8484
32576
30545
2530
3090
6476
12780
29714
25280
11199
13400
18368
15911
24708
25188
29901
15528
21057
19116
29621
18407
2779
15121
22570
27869
19260
31080
30460
31273
84
29807
9020
22695
2397
261
18081
21060
13156
30618
22826
15121
3589
17892
31749
12438
32118
18643
15280
25448
11719
712
15710
7934
19303
514
23452
960
9451
2904
30260
10081
6667
23854
31058
3951
31725
7842
24549
14888
17063
20230
13640
10640
15359
18835
23074
9408
6004
12635
4235
9089
29571
22912
4976
6169
20515
32164
15672
2917
2706
24224
423
16168
18003
6009
16131
19107
26488
16016
10870
25958
541
10008
23476
21605
25397
22221
15325
11598
5769
995
23461
25626
3581
12093
29874
22243
19989
12000
6726
19445
17337
15527
23837
5671
10037
23864
26265
21356
4228
13110
20252
31141
8398
4793
13237
9657
25903
26875
20224
24808
22202
19540
6471
20572
7102
18536
13293
769
28231
15007
9229
20887
19432
21205
8286
1286
21176
3155
30298
14065
28571
13054
19103
8333
16835
18639
14485
19380
22390
24451
5457
23093
10257
14996
22969
22383
28493
19815
30697
18462
19905
27079
8150
27764
21160
12946
14129
26732
21221
9906
2191
18011
12612
22607
28102
1991
31747
9283
31130
14461
913
32207
25753
14302
20117
8844
16707
11386
3890
19108
15214
21984
32137
10561
26345
12467
15232
20806
24928
8449
9666
21054
19327
5841
13832
8593
23898
24827
23190
9214
6669
8765
26376
27461
26271
7306
590
31780
2093
18085
13814
12421
19780
24559
681
2550
26254
30334
7673
2137
12977
4974
15706
22749
372
380
4717
28973
4644
25040
23685
27367
20790
795
13156
13135
6445
12002
28485
25413
31422
24858
21024
21364
20530
7668
22057
16589
8205
23034
17817
5428
4845
10331
32690
10360
180
9091
3837
3465
22761
17391
29911
16357
27228
6464
20011
17748
19977
6542
13697
6101
31039
31486
1592
27608
15106
19351
25871
9901
10413
15185
12779
6461
15836
19567
18132
21240
13192
24079
10304
8462
21108
17664
2708
3554
17608
26323
20712
29884
11004
2869
26890
32189
30712
22396
10438
5657
22650
10367
4197
14464
10679
16043
5748
6621
17221
28755
24775
3651
6200
22088
3773
14884
29580
9898
30916
25541
21443
12797
2336
30958
10702
13951
4585
7398
32561
32185
17491
21151
18275
30805
11571
5933
24691
19503
23230
124
1777
2223
3987
13379
16652
30037
9980
19252
1272
11925
3696
29814
7827
1254
30813
27988
6215
21014
11301
8503
11058
14560
5990
1489
31364
704
1151
1948
7721
4102
6736
6787
16553
3626
2369
17118
21580
26719
2437
10916
9089
9834
3744
5852
16512
11701
21542
20821
6191
6303
10182
23191
11330
6167
5256
30745
14503
4969
21331
29365
18465
31319
9394
6488
31795
32108
30679
23550
3135
8333
737
4830
16367
23505
12378
17889
26836
16019
1540
2137
8013
18629
26837
15600
18091
28294
25152
21982
7314
31223
19126
25952
22434
16203
32109
4709
6487
22302
31072
17802
14126
21256
5015
8776
7946
8305
7848
8300
23253
3495
11134
22984
30570
9517
18265
24617
21171
21335
23318
12169
5390
2579
4017
4229
23030
22282
23560
32529
19423
8168
8161
26986
14177
30967
28719
23372
22937
18931
30865
26982
28109
13594
5660
28939
15950
29826
3930
42
15523
8623
3474
31104
25827
7013
15178
18700
28771
32187
11275
15555
7057
24689
29028
21894
800
20355
305
9297
23654
12798
20766
1973
3330
4883
19302
23944
26049
362
225
31963
1219
30905
15421
3116
8921
2452
23179
2013
20530
13191
3326
3301
25655
9570
26608
15302
9395
22484
25382
18367
26679
13883
12117
1602
14269
18875
1253
4776
13195
6797
20468
23076
16218
15258
23966
9205
14776
13385
28284
27104
17067
15509
21098
5342
21911
32610
29070
29202
14945
22289
26262
29693
4565
14418
3648
5109
325
16185
12320
26579
16755
4757
9374
16365
5298
4477
7230
24900
26695
32555
27684
12286
9493
8462
983
24086
29562
794
28741
29266
30324
22115
4103
15221
16904
7658
23783
950
4324
7606
28319
6258
32067
16423
6884
31262
16657
25992
22179
18559
16719
20963
15499
16157
26810
11545
23755
22005
5543
18737
14877
23150
7986
8945
6147
5262
13719
20651
32336
19566
8672
21338
5611
17387
10433
32238
17104
30879
5312
26339
8023
16912
11160
6168
15545
8230
4832
28895
19664
19939
26600
28240
6430
27726
3812
19940
27409
22960
32076
15935
18821
2307
898
4684
12171
28072
22966
10895
8297
20312
29703
2231
15586
6749
25066
16755
15799
2
15568
16519
30573
31560
27139
4895
19281
3546
13265
11363
10682
18755
32237
22603
2446
30815
6418
20661
30983
32015
31209
10421
11191
13873
22317
556
10698
464
29453
16796
1164
12183
5074
13370
13355
30604
28609
23621
701
18683
4163
22423
10372
1455
28739
5242
32113
32104
23000
18620
25576
15754
18212
24326
20675
2323
19068
20073
5273
3279
16840
4154
19008
9167
22829
10272
3728
16407
8426
29291
25962
19351
14976
11431
28665
5469
24854
27761
22584
7944
20763
30858
5557
24192
21293
14378
28564
18404
28218
11415
24534
13252
1253
10485
15324
30097
25131
15456
17958
13905
31046
568
3425
26519
23761
19644
15521
25267
12590
24027
16619
2086
7717
8774
26614
29529
973
8906
23602
5774
30384
8157
8714
21270
18218
2935
31334
25028
6162
21795
20085
8099
18588
15445
2217
4836
13694
7422
32515
15386
5458
27230
21136
1962
29756
19481
26676
29564
4812
4494
24230
15607
11302
28516
9660
11053
26464
15205
6889
18770
30763
6800
20228
9587
12982
21865
22858
26468
5839
18068
23463
21499
5708
6050
7217
4219
6825
16427
22517
14931
3570
31517
13047
9993
27363
9811
26996
24689
6223
16490
9834
12578
5054
30928
9051
21802
12122
1565
30029
8961
26380
13991
11029
16572
4322
28496
8405
14723
27828
3235
11460
1861
22279
23072
2349
25770
9009
5075
8123
31562
24766
9772
6643
16924
4115
8202
23298
8241
2641
2841
18105
10146
8316
7774
31190
31943
13789
32528
22405
15785
22948
938
4134
32186
9170
11582
1361
10692
22870
19212
12055
26656
7030
31827
26251
18728
9841
1127
14722
23534
25443
9476
11158
31535
20840
29410
2161
26242
2564
22665
11080
31701
25795
15207
24485
9498
32284
30496
16234
20030
9627
8997
12819
30555
30528
22152
28987
14126
9250
24079
13921
16843
11863
6279
30189
18319
7192
27994
19310
16471
26145
4452
31526
30447
9559
3587
11464
26830
17325
15981
17280
19968
13384
14151
30516
23907
30434
19571
4874
8470
27244
10537
32042
28463
13047
11849
27589
23212
14036
2799
27478
12461
30458
17224
6695
21984
18089
6565
15639
6204
9805
3534
4508
18674
17829
26265
260
12960
28964
31163
6400
16328
28312
9693
28002
25986
3337
13043
18214
9837
27620
3273
17583
16875
15705
3038
20308
25486
2049
16502
2587
26317
11204
29675
7620
764
11770
21572
1546
29563
4304
32264
17445
28717
14829
22613
6803
2603
11350
30508
13848
16570
6543
30735
26628
25211
3588
3278
21940
3810
15527
10398
16731
27625
11737
875
20483
25606
21902
26479
28878
90
21676
32004
18818
13099
27061
2230
19524
9876
21670
20381
23204
25467
12831
5610
6618
25796
4547
27583
23631
27332
19426
15428
17504
8953
23126
21239
1118
30712
14506
19267
24537
7590
3970
7765
21022
11691
12086
17195
32254
26660
7617
5357
19153
27800
15322
29569
21179
32558
17760
21082
1582
11805
12539
10640
10416
27491
13057
32054
2783
28346
26518
28392
9650
29640
26648
3491
31489
10390
20410
22489
24392
24643
29550
9157
4264
24058
20745
25085
16174
19489
31137
28230
27224
13267
31546
25259
14293
2193
3490
8401
10125
7220
1690
1413
18657
3878
22838
31383
21812
4306
9351
23275
21418
1113
5495
23757
10799
23943
8179
30341
16316
18949
21328
28971
5077
31440
19943
7613
28503
8681
5123
24687
4720
30799
19966
1602
1007
24618
12710
6360
26046
30537
6885
9351
29356
11726
6050
9388
2416
13608
27362
2626
26859
23362
19251
4275
430
9722
24650
21741
188
17109
17387
25273
30609
7921
2569
11336
17763
15163
5167
8207
9639
4321
13342
20694
2007
6667
25016
25611
5235
21190
2076
14939
838
17984
11795
1668
9962
31803
32171
18020
20878
23228
28449
21078
30455
20483
6916
30399
12229
22720
30616
19428
504
13956
1401
16383
4786
27254
12160
1937
9534
18503
25066
26617
2898
13672
7351
4166
27281
26746
1361
29770
31572
15622
15214
24047
9386
28526
30007
10447
6558
21795
9898
23550
23480
25881
14397
5674
18118
9336
4292
32743
2523
19349
30356
14404
12697
14112
3049
28578
10156
31135
27269
9414
19351
8474
8858
14380
2227
1304
8426
18846
3444
12491
16429
5126
2031
15752
2483
15233
2969
12666
26954
16820
1106
13974
22626
5219
23202
15825
17519
27199
11586
25233
13455
25088
17374
8802
29293
6068
7961
15595
14949
9303
18898
20512
14057
15267
20389
1209
19235
23593
31925
24290
28891
17825
19113
1844
11676
10623
7925
8164
25362
18887
15963
31290
32439
31265
6577
16453
19631
14128
22500
26318
29167
18464
16701
31626
20901
7806
28643
9107
25044
26701
27042
24089
13119
2134
1770
24405
12425
26815
19227
6079
22682
23519
4607
15233
30789
32593
13976
24107
10023
21831
5917
30376
3026
2081
6719
24433
11051
3135
6576
9984
18192
5139
21990
17544
4158
2682
22301
1251
12146
1868
24475
17356
27087
29233
21303
17742
25728
18359
14364
17276
19358
13474
13515
1123
24660
31620
12127
3133
12865
22669
29205
16360
2077
22435
30987
2966
15264
20661
19784
25029
3231
32333
4349
9842
12153
25189
8458
23177
6833
28028
28612
7073
22492
7145
31990
19430
23486
32110
3878
30294
10672
23312
4633
17201
17988
28454
16025
4266
15660
25521
28533
995
15960
2795
18378
9752
5727
1571
3713
25115
1568
20167
25369
30208
15785
21955
12198
11545
32344
11529
31770
30245
10303
28529
1732
10692
14029
23236
17942
5422
28843
20499
14251
7461
20197
11854
8329
3368
24394
15122
8867
26346
9749
3521
19362
17922
17101
12504
228
11236
23657
28029
27845
18448
6328
30040
20766
4233
8960
24228
25356
16009
1510
9862
5107
883
23693
11677
27586
2569
7938
25306
22648
6111
3544
4242
5863
25359
271
32721
6327
28719
7739
26098
2991
3200
14817
20588
26160
14440
26661
751
7426
5667
162
31664
26196
12469
6554
4609
11773
12067
15951
25380
7944
18402
25776
353
26224
2192
26168
6486
4904
17890
20
399
14174
18398
7812
26710
12033
1610
30595
5068
12161
2404
14506
26681
1238
17107
19538
10401
8131
29406
31225
9624
22876
28124
26087
20054
4038
21995
13328
22542
62
7397
21053
28540
604
25232
11623
10430
2201
789
22115
8548
2576
27060
22981
2250
14721
31669
20222
678
11675
12194
25287
6109
24187
9395
24771
10651
7280
20106
95
6818
25601
2336
30974
8930
13105
10496
8531
330
17409
23475
7693
32735
20535
27771
25530
32267
16990
16708
4069
30007
30734
9175
23938
11164
31085
11089
14477
2389
18934
22995
13549
17337
13945
17020
27806
21225
17507
19348
2319
26021
9792
24842
31689
18276
22910
11041
10834
27811
20852
7526
4433
6525
21411
29157
8946
22140
26939
25756
25740
10159
2529
17200
3970
14844
25519
9439
14695
31416
25724
24246
18277
19829
26718
2052
12511
21531
12654
8974
21845
32059
3275
15876
27016
19615
18658
8244
16351
4646
24812
22398
28682
719
439
14856
8677
26643
19370
12339
32671
22904
30212
23245
4891
13411
14180
27016
4758
17965
6030
13738
24715
23674
3692
29959
17107
12230
5203
6444
5393
23617
1928
11998
31309
23773
2819
20931
20959
15525
17010
2142
29583
29264
3969
7233
30458
6678
13401
17021
2616
450
32614
10334
7099
15113
25694
14421
23418
10266
9855
11062
22351
13942
30744
14755
13982
15362
13130
456
22840
10842
4112
30026
23935
3177
31613
25465
20938
567
29765
29645
5387
12033
4223
9360
10927
19855
4265
8664
1477
24258
9197
2232
3939
9837
16802
27319
27717
27237
15382
9601
17848
10204
28811
25309
6582
13034
14463
21727
22099
29805
49
607
17496
14867
9824
14250
1325
19637
2390
28534
10236
16615
25893
18460
6675
13773
26417
22785
30346
30256
6894
31829
31014
12240
5099
24833
6270
13564
30992
30938
2908
31841
21796
5915
15718
21280
20625
21266
30462
29987
14444
793
15462
32688
30384
25544
10280
29246
24522
16233
17589
12680
31067
10668
10572
16609
7737
9117
24093
9671
9143
15314
19375
10682
25638
32489
14719
28239
21147
19506
8170
1920
31731
25256
20812
4166
6421
14886
15978
28010
5751
31959
23053
12951
13540
13551
24560
23989
10108
664
732
23666
21244
28207
17938
4129
4671
10929
1513
17352
9221
23664
29624
18548
9716
14347
2294
11216
16604
3484
13728
15606
27199
5171
19931
21381
24337
2436
31451
3316
15292
31196
13059
29734
21863
17498
32078
18238
14456
12123
1005
20404
28759
8502
14898
169
31861
20778
6572
20343
5774
1172
14996
31373
11819
11365
19303
12922
15722
30420
11221
22855
23297
10576
11994
19466
11649
22201
18475
27320
9176
17871
10451
21051
5914
7147
3870
31940
14721
8173
19894
15459
30386
10613
19980
17365
10561
4182
4601
12701
18808
12359
30886
20822
31060
21724
19113
1863
4561
8629
20848
6712
5479
19190
32227
20356
11221
12790
25157
3440
2845
14908
859
30651
29136
27303
17617
14966
5771
12012
29913
30486
12482
19782
15125
1992
32444
25704
28343
3332
27871
1463
6119
31077
16942
16310
8293
4024
30224
11457
30575
1875
4947
23039
11493
19112
19568
6802
18347
1049
9489
6928
23375
27918
21712
18743
8427
4933
18242
25564
5965
2154
23860
18213
28246
12264
21300
18680
16800
7934
29012
14771
26211
17173
26666
23838
20634
16977
32539
28574
21345
19046
30682
2987
16546
16813
19243
899
11248
3703
8941
800
21683
26785
13655
3688
31622
26984
25986
12197
9949
19839
19751
27188
6891
7519
5035
17793
2243
12255
13912
1075
14525
15108
9710
23459
13339
26394
23898
16275
12780
6147
21957
5661
19249
24784
31696
26601
14911
21902
2590
24739
10596
12130
27924
13228
21709
30425
5084
14608
935
10361
21168
22201
7301
1948
14933
2530
22786
4990
2277
9422
23719
21140
6098
5305
13071
26655
27432
17423
31048
10242
17938
27868
13949
7376
26784
28547
10194
13354
23239
436
912
1352
26794
18840
30594
26069
13335
14670
26271
16640
32597
16027
10728
25808
5405
6877
22676
14775
29158
30529
23403
6251
4710
2358
20336
12785
2901
23330
31682
15866
20084
3411
24260
25459
16590
9016
5756
3928
1597
12497
10297
11721
9777
31844
27513
31071
28077
26738
7177
21696
12946
14825
22382
25201
23584
3739
2436
20204
21690
6127
3173
243
18665
28118
32652
9251
22436
3585
6715
16844
6095
23378
32025
23552
5889
12688
18208
16106
13706
24926
29110
31841
949
10350
14362
17853
1098
31218
3586
6122
30807
11091
27011
28091
6192
22822
25648
27776
23989
6236
30598
16090
17363
18360
22664
4558
8014
5511
13990
26649
29885
3467
25059
14275
28630
17208
7223
1527
24555
27683
6706
29970
23989
32439
30435
30970
32337
10537
7928
9649
14216
13487
30502
19498
22867
10477
16844
22875
16542
17328
2003
11155
10061
6367
2264
21006
13693
28335
30349
27335
14348
10773
32604
4749
8283
24449
27726
7001
12626
23497
22060
31967
32165
14691
13796
13155
6998
21976
21549
206
12412
15221
23662
17409
15682
21316
5852
23145
18226
29499
3555
16339
18868
7346
8904
24706
4049
32539
21900
20863
23357
4845
17427
25393
31893
24801
9350
16941
16613
18785
16117
6735
22637
24637
10817
28682
6821
12449
20537
9212
19326
32068
32003
21702
17899
20705
32190
4890
12192
29419
4709
7190
6681
5245
14070
3536
13535
18832
2004
18994
29959
8816
17770
31752
22011
31089
15122
29271
6013
18653
3381
17904
7400
7474
12979
32070
20921
30602
7557
8829
14159
13403
22177
32707
32751
19040
4381
30179
23307
30167
30872
8471
22212
9197
16086
16414
31405
12919
11434
4495
32722
22498
14873
7021
18937
18285
29116
4347
1575
26005
9062
19154
4710
8401
10759
1328
4806
17024
18640
22675
22434
19488
25496
8327
31012
13504
5759
17596
19467
6840
28881
6235
5036
15767
22317
17306
5431
21597
20710
27535
28732
5099
17577
3137
24686
31159
26720
14597
19622
11972
26711
14088
18219
5842
2461
9768
25392
24530
19374
11272
926
9628
19790
21859
1812
32228
30904
8608
29996
106
15096
27815
4353
8050
19094
10996
29934
25716
16756
11241
7064
25876
3577
22121
31278
1108
32623
5026
4079
21513
29098
23594
3821
10892
23531
6990
529
16561
18180
23719
5216
27645
28348
30702
23932
18707
4724
12048
22382
27248
14603
29317
24994
24408
27648
16350
30003
10000
11734
20126
28266
25678
12221
32587
3969
25838
2670
16581
8364
20966
32343
24534
20826
7036
32504
29961
16055
30135
3469
25792
17270
30995
9965
9601
29903
15224
18610
16529
28867
30061
20890
16580
24999
1930
16685
915
23264
29739
6816
8303
29420
8556
28410
23125
16034
30545
21109
20387
4538
11844
16679
23594
10383
25029
14049
24964
7972
15197
32344
27047
22885
18899
31618
22459
16560
22691
30019
6953
31380
23468
8777
6389
31961
17193
32053
16205
8896
19426
9211
30562
10123
8100
18059
26998
10816
23022
26801
18230
7851
17645
31545
4171
20386
25258
4184
1324
22157
5763
12103
15414
11301
728
2865
3326
13947
28422
8527
17894
30780
18841
594
24558
17716
6845
19201
9421
8210
31478
4131
31553
9579
25105
16799
19875
10241
25179
18658
16062
25156
9232
26241
8417
24857
13590
4895
25395
3035
235
26514
26951
28063
1245
20545
240
9149
5241
4048
27223
5516
16965
21760
9802
22892
16562
26576
32471
27402
20300
12777
32282
5855
2100
9784
18259
16122
8656
19421
1595
23808
30913
28740
26777
25969
30229
17553
22032
28716
9662
27202
23099
18998
4419
13071
29948
21687
12982
6165
17680
21829
5094
11316
16615
7013
28117
3510
29107
8015
23661
6961
25792
32242
31342
28590
18179
30264
31147
27146
24309
19339
2934
17309
22690
12696
11609
31258
6140
9555
11783
4278
1398
22331
32401
27789
2254
2783
9181
20545
9770
4001
23637
15076
29031
14010
19932
11800
19374
27262
20486
8052
8008
19169
9864
6442
3507
29499
16365
19943
17397
19784
19595
9211
26928
5491
16822
31674
23415
29780
7475
13602
12000
20855
31983
14526
8922
17247
24305
1993
449
16586
7566
6039
7856
30519
31708
31793
26007
27302
22121
9792
12685
17055
19500
14380
23911
26741
29627
13956
17033
23244
28863
6049
6652
23129
32165
30342
29633
21481
15767
27915
14437
11173
27307
22843
26838
19860
13402
4602
4213
10081
25139
20203
7532
28511
3792
18320
4930
23754
3850
19891
19373
13648
22889
26373
14759
21455
478
10758
25283
3169
7605
25124
706
4502
9157
16167
3425
16128
7402
5068
630
27893
14517
26544
18491
12688
6753
24688
32746
13049
29193
17935
2186
28390
13849
9880
9224
7010
4355
23812
29321
1230
22323
32605
14335
3365
6468
30756
8186
12420
9844
20209
29634
13033
4949
25689
30370
23354
6342
9492
23686
24458
24354
30815
3785
26265
2487
28064
13128
17049
5754
27977
10683
18744
26104
28926
29509
27866
32656
1786
14409
31526
26080
9391
24704
9413
3965
3244
29000
12902
22503
19396
9791
2822
31932
4461
30737
28526
31531
26470
1422
3837
25004
3229
4864
22951
27118
30543
5051
13118
28433
17009
29173
27632
5142
2639
2264
8722
11924
31859
1238
28956
18860
7880
7741
4596
21822
4607
25099
20591
21853
21298
32003
31253
9729
16583
15616
10788
9980
26264
15498
5848
25648
21840
27815
17386
3582
2328
28915
15958
22018
9076
499
17762
1021
31847
18855
1244
22290
20190
28254
17571
1846
1100
16334
12649
31458
25489
14948
8886
1290
10016
21721
560
16211
15969
19462
14363
21633
15956
24825
16668
20270
17784
15688
20802
16578
22251
29093
10310
21663
28882
17075
31506
9116
25083
14361
5761
23477
8897
8660
8038
4097
13616
2001
5071
17636
20586
14267
29067
3205
23369
25874
9705
18306
31302
3965
10947
24035
13466
9057
29883
1101
29859
2226
5829
24952
26504
5129
16102
10211
32
3575
28731
30663
8464
17562
7740
7497
12852
23405
3394
32499
9537
19812
7239
20581
11688
21817
23533
23880
12221
12288
5826
132
11032
28162
11971
7091
9275
17864
29727
8917
20854
7542
22845
4165
3848
15963
10239
21740
24199
26309
7241
6324
30082
11802
1981
24383
8036
28452
25289
25818
30363
11437
28388
18348
14586
9292
19988
20787
15196
894
13236
29682
16523
29432
4724
20835
14176
27708
27553
23603
9259
3435
9127
27310
14676
24410
32724
19833
25411
16871
12638
15999
19326
29326
4520
15405
5905
24887
29633
9442
25651
18258
12077
9889
19238
13606
18409
22282
26207
2406
22441
1928
9703
1798
7268
10699
29185
32076
20498
22649
24845
13866
11701
22560
1196
7883
18326
9328
4645
24172
4817
23975
27144
20333
19475
10828
17169
3752
6563
24864
31822
5377
3743
3922
23172
3902
29577
12018
13520
26650
30722
8616
21642
14484
12756
17318
3182
4749
3382
10971
19198
22930
4684
26217
11298
7671
9198
21082
19986
11813
7082
21390
28021
21044
26380
4088
3275
26045
2588
30475
11016
17385
11049
11886
19841
14798
3013
14071
24844
29436
4881
24023
13923
5202
19771
19986
7626
30999
1092
22067
26098
17990
22023
13885
16924
18472
27511
2532
23425
20008
13608
8957
4594
30948
20753
26676
12220
11904
32144
3069
5326
10559
15790
12237
7454
21588
4773
18313
17992
27381
28319
20799
22648
3506
17601
13588
5771
16901
23144
24957
14705
4138
15794
30642
15062
13104
1345
7264
13057
3921
15675
16542
19964
25215
9621
30499
7157
25407
9618
10678
16612
16826
6278
17125
18286
16145
22496
8186
6921
20210
9831
24363
28002
30569
24772
24081
2812
25336
5953
31836
25369
22761
29904
30404
18141
4067
5967
28227
9137
3772
15626
28545
15590
3982
27522
3728
10394
6413
29549
27353
5088
16919
30205
12118
4635
21389
20325
25346
31659
15458
2714
7566
8140
3057
16982
29782
19898
26260
4963
13203
31002
10354
1046
14290
32149
10904
1306
31653
17862
24140
28526
11672
22870
12957
9137
25190
5733
30783
11934
14189
6700
14230
5843
31072
7393
11537
14294
9020
17627
24505
20057
18813
13559
1546
6589
17809
23098
11521
14038
13709
15544
21878
6126
9247
22452
31660
15884
27843
15624
15655
6006
12346
1992
4285
10100
27961
25122
17648
23383
4446
8840
14459
12474
5735
17426
299
4360
32678
15901
29936
1598
19376
32569
18740
11506
11862
3906
15467
1941
9942
7372
32236
5877
18002
31172
18431
23557
14976
19285
24631
9953
28836
28937
29186
22285
25787
26417
30590
28925
28921
10374
9358
11483
12662
21264
2094
25220
20517
5191
22531
30420
19717
8313
6710
11811
5787
14699
8579
2063
1695
2115
3981
2172
5878
20133
20853
4570
25312
13085
19114
13479
18547
11453
8707
6196
15944
20999
25867
24747
12660
3853
30108
13905
32697
1750
30127
21001
25086
9220
9586
13082
23293
7348
26523
25137
32316
28070
24572
26026
9022
4254
24664
19211
22778
29193
6006
27089
11660
27108
13939
17264
7723
15322
92
9365
17243
25260
30717
27566
3427
10966
8179
6316
9474
24688
265
2567
17502
5202
27329
2819
7229
15483
8752
5939
6519
13236
29455
30523
7852
23664
22288
6873
1586
27383
10094
21543
81
6851
3272
22554
8627
21290
8495
10319
13846
32574
30846
18951
11076
7410
745
28272
10309
18302
32217
28710
9427
16644
26360
18937
5390
16243
9607
27377
32113
172
24056
2959
773
27107
9145
26710
19412
13896
32078
1418
17313
30951
28322
24632
6358
30157
32159
12406
1470
5741
25852
8428
14836
32066
26966
8083
30748
31925
1155
11197
15312
30016
23331
17750
31709
24276
12407
24937
23728
376
19575
2021
26379
8500
2078
32418
5885
8493
29705
9631
22288
25105
19776
26766
15300
24501
13396
27026
4924
20989
23210
18759
7480
21757
6678
12291
32579
23645
10923
31835
18734
30210
27346
15081
7612
8170
28058
19277
21407
13656
17231
22130
8867
14130
12366
31251
12586
29607
17943
19837
5592
20756
4772
9110
8591
16425
23034
11806
1438
6472
3581
26165
10805
26925
30856
24093
18717
28884
19389
24642
8357
23703
3226
32631
21216
30360
3021
31875
17677
22622
24778
9436
4951
24515
6938
3762
27839
27405
7670
22063
27478
8283
23060
16382
15535
17475
22977
25866
11924
25529
21296
19336
29688
21810
13586
4407
13869
21770
24934
2790
18007
16675
2707
32056
801
14288
26292
21156
18094
7665
11571
29375
28883
20575
4761
7870
24963
1162
13988
30518
30602
7264
14491
