10084
9835
8369
19268
16652
31261
20190
9013
30481
28362
15332
19764
12062
2237
31480
28529
5945
7227
13401
25089
29869
12458
3041
19239
24392
7929
21977
20690
15559
28475
3602
870
4239
14741
17713
26047
29598
3675
30795
13940
18624
10614
1714
24152
262
29961
14862
10311
1140
8020
5295
9759
4858
18392
23073
26380
12710
1979
1537
25353
30743
22895
9488
16291
21045
9103
17542
20992
2591
27401
27561
545
11877
28802
21405
29540
10360
15606
20862
5709
5982
24991
9900
1925
17066
28441
11110
24611
14764
26563
1947
23339
29413
12648
28156
29780
32701
18975
3414
25615
10361
17519
11295
7364
1127
20151
8783
11615
25179
18893
9585
11531
5471
13030
6905
5181
31143
25782
25816
9973
17859
29656
23630
21569
31768
10863
28415
12034
4241
26382
4682
25586
5778
25301
214
20710
2862
8925
30317
8529
3993
6359
24078
5130
10208
14063
9789
20047
20951
31479
12190
24585
2131
13505
2498
23889
1690
3020
29249
12596
24600
2083
18953
3507
16468
8835
29941
7438
26402
8124
22434
22595
13593
15193
26494
9937
23623
25987
289
11201
2340
6179
30945
25575
6085
1863
6560
31078
10578
12487
1513
28786
11706
3880
12092
4442
13733
29632
22437
13253
8363
19483
20883
20283
31683
22174
29160
29928
9214
2666
26701
5789
373
13956
29128
16152
28287
7218
6544
8069
7976
2216
31776
5701
7391
12771
16522
4845
10863
23254
15374
31634
9265
708
29675
30532
12415
9197
29045
16856
21611
17772
7272
27883
16561
25696
3964
12835
27371
30794
6969
15032
18180
5814
27405
51
13551
31262
156
10870
30361
28683
31063
3837
16924
29309
21072
13667
17461
28813
7756
1320
9976
2641
25114
177
28866
17408
2852
12688
20336
29782
13380
10758
9166
29242
11481
16326
24914
17823
30233
25596
5643
24488
10921
15502
11988
7695
1131
25250
19405
7623
29847
27232
14604
8416
525
6137
24463
2988
25065
26088
17013
15648
32344
16504
23662
18044
24491
6790
29041
17967
11178
16264
10413
27124
12075
1742
705
23618
9699
19464
47
8419
13435
20745
3086
9442
18662
27850
32512
1451
21747
11186
20068
21358
5918
17684
15309
21188
26028
2554
6322
405
12279
12577
29287
25401
10758
9284
14923
22493
22112
12957
15940
809
25122
19626
1384
1568
1872
11565
25853
4167
26985
4982
24996
3081
8254
29412
12497
27226
25859
15274
28286
20891
5543
8399
23329
13245
609
32633
13787
4010
14732
19306
1778
25056
17844
9419
28289
2143
4593
31528
19310
7622
26739
25021
20125
4025
16223
30960
20067
29829
18394
4382
28222
25607
29538
27290
28355
22474
25445
14067
14807
22127
30476
16246
32546
28242
27480
21748
29889
17258
16753
27846
4155
13425
24379
3853
19383
23365
7721
31294
19308
27791
15446
8159
30552
15010
25554
24203
23861
24486
15417
7484
28329
21237
14987
11210
28605
28101
9015
3246
10640
8968
29305
3084
13645
28304
7910
18417
29530
16247
27206
3545
722
25022
13473
12660
19766
11060
1437
16553
31327
28569
16391
14556
24759
4
13231
8556
17833
14722
377
12160
598
26368
1457
22276
24714
31339
15519
27886
17390
24853
21851
16070
29567
30555
26339
17253
5950
24453
31595
18685
15913
16365
26100
17497
107
11364
5664
9574
4560
16081
24133
21747
22651
8987
24512
16309
23515
6729
4492
4750
8155
14568
5395
3086
16473
25773
19779
1851
24794
21852
27621
9101
17532
7400
26922
11837
8748
31452
6535
12480
2328
32505
21955
18574
26983
16161
26959
11303
5416
9332
15061
344
19849
5048
25363
26810
12362
29950
9706
25213
6513
24194
434
28771
19774
26324
18641
6415
32353
25141
31116
12416
1131
3908
18461
2521
22147
30426
3845
30307
7770
818
6563
13780
30561
4685
32006
15314
11833
1940
29440
28339
5226
8384
27515
17287
15449
4599
18448
23384
12660
11575
30166
1456
176
6392
22904
19548
9525
23053
16779
27760
11607
13516
21278
24715
11209
10606
9362
24668
18701
4025
31404
31077
2351
5596
23528
9471
6579
9882
28176
32671
15308
31402
21006
1367
7887
22878
29183
30624
16102
19588
30088
20566
7177
19338
20589
26116
23850
8677
8031
9570
13232
5298
18198
1052
4903
2974
2464
4309
4406
16644
1529
17516
465
15702
21979
30846
9135
8638
15831
10028
28927
1541
9125
22558
26711
28083
16057
24263
25069
6264
14102
19947
17673
12746
9831
17503
12730
9168
12108
30481
29385
4479
7922
7240
19435
15363
19686
7212
30778
22368
11563
10888
27878
4697
18570
11727
13352
21905
3881
5981
29816
32240
14687
4352
30720
5704
10951
9143
18512
21560
2963
15289
12883
23633
3107
11705
18050
4472
1751
8553
10583
29579
29729
1341
18437
20808
25822
28529
17766
20842
30438
4173
13109
5908
30689
6568
27517
1395
10845
16299
7761
26272
24862
14039
26558
31171
25781
21321
510
11390
22357
11581
26606
905
2785
28370
31683
30361
32073
12045
1528
17287
28439
32287
8330
31918
18501
1771
25192
22165
16210
27075
24357
30926
30357
13426
20209
22045
976
7040
29383
20445
5640
22705
2280
10400
11668
21199
25991
2582
6773
29353
966
8752
13541
18780
8929
7044
1074
27601
17321
29940
18381
10119
6709
31882
5790
29843
18388
29095
2203
18661
28997
4701
7833
12492
1323
6169
23650
20669
18107
26501
18695
13392
28856
30636
18808
3723
1185
13408
2385
20323
6697
24536
26103
12928
17127
14238
4068
11073
22095
24745
22079
20992
14817
24261
20656
13975
31136
6972
23410
15394
17606
16047
6570
25095
8886
25157
29175
7732
29746
23560
14666
11432
5326
10891
32760
30773
12452
17360
13581
132
8778
19306
5092
24921
27905
29663
4084
24344
10031
3920
13037
7305
26896
4956
8452
24024
5032
5185
14218
31968
1020
31556
31172
29352
1665
31828
16375
6702
7893
3818
23746
4196
30637
28211
11440
21881
3855
25713
17422
4953
29377
26015
12026
11639
8449
15699
30653
32202
24950
21481
26459
25365
10855
20190
13416
1132
26155
4218
5148
28148
11488
23218
25002
27370
18016
6476
20430
16615
2161
5956
22693
12386
25916
9071
24514
24182
15873
26718
14974
3045
19976
31621
4751
15710
16859
26524
22237
14587
20146
13894
11921
32014
24111
15601
8814
5149
8779
12541
28772
27179
9617
18208
15714
1849
11146
25097
6509
21261
30072
5187
2543
17970
16198
31069
3665
11328
2240
10824
21195
23390
32512
20736
1403
1284
6696
8046
437
1030
17239
11662
17819
19406
5845
717
26093
23784
5777
20149
29730
25285
24782
5323
2743
24248
16153
20408
29639
1093
8574
20392
7644
10907
23035
22512
21253
30559
11317
16371
26152
9899
1386
6982
19098
5207
28839
11538
18925
27255
6971
10938
19465
6436
32107
4542
25982
31616
31591
5344
8217
19956
4733
25733
12726
22972
26253
22109
5460
31142
17341
12358
14959
23574
26733
6766
16010
9806
11118
31928
25867
23788
21102
19298
16715
13748
11447
1764
18158
13968
17946
29467
13424
17877
17957
18854
3073
4040
20381
27537
3731
25953
29736
22064
27953
30799
4169
24398
9362
6203
9105
31880
14062
21841
30996
6643
14352
11261
13339
17413
24493
7666
5400
10418
5620
23665
2783
13269
11878
26568
25618
19154
17640
18457
13533
27513
28950
17244
17636
12846
17371
13479
6522
2887
17214
26797
28692
5046
22655
9094
15613
27880
25699
13230
587
2029
28108
13903
4881
11224
7820
28867
5846
15209
635
25428
24902
32233
15560
31047
29224
28502
10124
31258
12688
23488
4517
8201
15446
18931
3777
30679
21702
31062
3513
28106
19353
30483
10529
11256
29989
3704
26141
11713
32464
6302
21877
11421
14538
28488
19180
18968
10236
1805
7886
6938
29755
29882
11721
30828
1730
25074
2813
14456
27871
13591
6230
13904
21228
28782
31002
18930
11137
3197
4798
5579
22248
20920
4094
19833
24273
30045
6701
22997
6727
32157
15561
32305
19939
12540
10066
25310
7232
5370
16732
10482
23214
16371
17636
27463
7723
580
21216
20679
5263
10927
13849
5095
32262
27137
18493
9074
23235
6641
11568
16520
8435
27468
22692
15846
3824
16207
4585
17512
28088
12372
27142
16587
22429
3506
22536
24248
22334
20190
28570
13566
29365
16854
26070
1824
30482
30911
22619
16399
6153
15052
2720
2616
14311
31843
3464
10433
27594
8827
1334
30224
4114
5449
290
11150
275
26139
6764
22186
19468
3204
19569
7968
27741
32441
15261
17019
26868
10555
24192
26840
26121
2486
15651
14062
32523
28969
15004
16715
31962
12616
7392
17632
15414
14623
18137
18624
22648
25847
22712
3365
28287
1405
10893
27572
3054
25121
21780
3330
7829
15037
15570
5974
30764
3191
21345
15025
14919
7656
777
15883
16006
5758
30864
29152
20236
9502
16210
11243
17203
31246
25492
12338
21630
6163
3861
11074
16336
16598
21478
8636
1755
140
6524
30992
26074
7382
24580
32137
20867
27366
19958
2442
4407
20708
15341
12823
18813
30352
12982
7318
2734
26920
4006
25047
14322
13964
17201
8787
23146
17312
23993
12209
13487
25074
24228
28559
10876
26781
31153
23422
20647
21613
18060
16974
14678
13123
3744
11917
20591
24251
11564
5706
23632
18957
13721
14366
30401
26417
21515
18798
4646
26439
7222
23018
24314
23093
14963
4185
9592
29074
15122
9369
26523
27331
23538
15073
24393
25699
7248
1098
11467
8937
32477
18574
18817
2180
12819
15631
4820
17482
4808
19739
363
31890
15620
14190
24738
30878
7952
9464
6712
3454
17103
7393
27207
21040
16721
31179
3962
24332
5286
17495
19322
7264
15344
5866
18345
25687
26044
28337
12819
31775
5267
3554
9890
10314
29131
21317
14481
24693
17059
10996
12322
26152
13200
31839
20628
17150
28113
14738
14927
29190
11081
29627
15715
14440
15502
6374
12336
29004
13630
16140
7782
20727
12946
8268
25649
25399
28725
11384
2477
18690
8022
21459
29344
31066
13308
28441
13928
2419
7321
26816
13362
16408
6115
2942
14189
30795
7391
6667
16511
5932
2366
5160
17846
6428
2541
19680
129
31265
29160
13838
6880
32140
29519
1311
20761
6362
28347
5401
23469
1497
19666
10716
13706
16396
5657
30889
4738
29007
15626
6624
6652
4542
20071
18446
14825
16084
31693
4134
9722
3536
13452
22287
22288
23901
16566
22623
7925
27249
4726
615
9289
11382
16803
21359
23231
15528
26005
7234
19337
19646
16696
19438
16912
28876
30046
10437
12521
16488
11610
6823
25348
4876
31178
27268
19751
23483
19892
6940
5019
26599
20949
16137
6182
1427
565
28672
9273
21685
18943
19284
873
18398
4496
6075
8739
6172
29390
30805
1180
12320
1979
20714
10760
21148
1866
16244
12300
32751
9329
20189
19061
24324
25471
18185
25386
11639
22960
15895
30303
31482
2814
20196
32524
13304
23099
6353
1950
16248
16221
27847
13036
13379
14361
19320
20844
26953
9907
6375
22183
25921
4884
10538
17130
29072
541
2670
21823
21612
22331
12349
6555
30273
29755
25596
10073
30291
2912
7864
9191
29350
22451
12322
24000
1819
12187
22231
5018
18395
9645
11749
15328
15096
11205
5003
24674
5458
27734
27969
25164
16056
19966
27896
14932
24912
21854
15267
2360
2105
22824
11510
3176
4462
15481
24686
19199
30446
9066
29585
3832
13082
21986
10615
32415
17502
17582
11145
27205
5139
25811
18313
8760
17572
21794
20179
26867
10992
526
31458
21905
30448
15291
31509
14984
20378
29271
4019
25747
26117
3245
22062
17904
17357
3319
10916
25036
22713
30708
17067
3068
2971
12859
25934
20717
21112
18383
25683
6622
5609
20979
15040
24908
25537
28480
29853
2990
13552
500
17402
14435
19112
10381
26420
7913
26302
9367
17525
19535
25426
9154
24186
21741
28082
7991
1689
20050
26748
17708
28674
9598
14595
8374
2117
9554
1012
29663
14612
16708
7482
30713
30538
30807
12062
30770
17197
25675
23731
31336
32240
18704
25457
27198
14461
14465
32
31343
24433
7759
6904
12386
26727
18491
32518
19967
25721
16009
8401
3522
7172
177
14398
25869
6060
31319
12721
16579
15008
17533
14965
28690
21023
1784
27742
12688
15932
3616
23724
5770
6110
26828
4659
12440
30730
8830
9913
15733
17509
28122
6048
17678
9460
21341
2501
24025
1831
14411
1191
2920
21014
20969
26828
27454
12298
22765
9568
9185
4415
4403
28960
18993
19432
31153
2678
12535
32116
14509
17125
22209
4368
6189
22952
26094
3949
9904
27030
31493
7107
20507
28233
9547
16918
758
9343
21908
31416
13784
18880
12121
1807
24864
32578
28683
2968
16614
21513
24743
2860
29490
14930
1419
10114
18027
27698
136
19190
19474
891
22840
8072
944
18655
8081
30504
12812
32344
7355
2353
14498
10439
1567
10547
337
7387
26305
23285
21076
21300
13007
26554
7795
18376
14714
22724
9594
26758
26884
31511
30955
22330
6426
20607
14576
689
20325
4564
7571
23325
12892
9853
8241
9658
7772
13619
22828
13234
4346
12807
26081
63
24216
3495
27354
31247
26166
27101
1604
31724
14219
30552
18083
14492
24404
24751
31172
7686
19949
26275
26611
29591
3102
4517
20335
14308
12855
7320
13339
401
21855
31959
22390
26481
24361
11130
27853
13294
872
5077
23984
26540
18501
19266
12962
20329
21646
30241
29716
12584
30801
32284
6037
21646
9130
32176
19779
27276
16345
1256
16773
6206
7831
7020
9980
10515
29611
9147
7350
11311
3256
949
17573
269
15193
13916
7760
5993
9583
10971
31177
26205
28602
5320
5855
24266
30375
4518
17556
23801
2409
18350
5330
23938
23371
25039
30809
31085
8005
3315
22268
28056
461
23172
30733
12632
29935
11310
20246
24675
672
3303
201
31726
6480
6957
13370
18194
1726
26767
1100
17012
5392
29295
9577
2853
32291
6150
4983
8391
10528
12713
23559
22258
26192
11594
22735
30166
7473
21569
28250
20001
8393
7757
8958
17443
7738
13781
8719
5679
22935
4468
32594
25157
11510
18101
20148
12015
32198
31259
25660
31593
7267
4197
20543
6916
16872
1295
27603
24524
8261
2588
2437
22633
14481
21779
7759
9539
27553
15688
30404
10474
30937
3932
19598
6068
24386
14855
20506
10920
21725
14357
31378
31130
18487
23471
15372
16536
8254
24284
23041
5253
11859
23880
4608
19204
1696
6979
21667
6552
12972
15884
11459
12297
29228
22864
9960
21001
32285
30190
19715
13335
527
30205
2656
8100
16324
31248
3030
8820
4345
11192
28737
19784
15236
4427
23858
17850
19359
20196
19428
12136
26756
30891
8818
12372
22330
23127
27976
5259
8110
22513
19671
21765
2053
19418
27534
1485
23089
1551
4101
28513
10178
20652
8059
22364
32767
7599
9346
15442
19510
16895
11769
2300
18000
25005
6715
661
15784
29049
8854
30339
7710
29080
15103
27450
28007
17844
6659
22622
12967
20021
32001
10791
31809
9919
31895
5130
30701
11771
1370
30358
20748
15003
18634
23708
18745
8600
14981
21394
16161
29118
28090
9017
6036
2155
26337
10366
15580
25492
13737
22430
10317
21768
27442
10638
10781
31481
16509
30874
25462
8632
289
4172
9930
29376
3647
29839
12903
5366
3511
9236
31051
8751
6556
23029
28217
5619
998
4761
1292
6529
615
22487
24140
20754
22273
6238
20735
3682
18453
3668
18113
3181
32062
31037
7703
6262
5184
12063
1793
19534
571
18659
3534
15827
5413
28159
18484
18359
10614
850
22688
20355
26661
16719
15307
11483
8404
30046
5262
5635
5192
29311
27127
13730
17179
30001
2972
19910
5301
32402
4143
3113
27256
27335
8787
29619
29499
18078
4014
32575
21242
10354
20032
24994
29387
4176
27635
1769
3348
4951
7283
15075
18940
22117
22847
6368
31
7152
18433
10423
28038
26929
23323
19726
31958
1672
24706
26325
27335
24348
29391
21012
24536
962
147
8167
21058
21792
24043
12742
17450
6418
5205
6666
12826
32588
25794
26029
17842
22849
12269
13138
8347
2372
14570
15237
21437
27885
30210
11843
22194
18111
25534
2493
4986
27399
3650
20057
23152
13319
17628
13306
21116
340
11229
17537
14731
18045
8360
32660
2364
27885
9224
27550
21468
3347
16071
14358
28053
17088
5244
21765
13794
8400
6308
9154
5446
2060
6644
9472
830
25935
6126
18443
10356
6888
5811
16207
28981
6464
25880
32282
9253
27325
2299
17315
20786
14053
17880
22346
11462
199
29079
23073
11073
9366
2984
20908
28838
22680
19026
20453
26772
13630
4680
23683
6777
2197
3198
892
3586
30941
20026
11465
21462
14966
18286
8553
1667
23812
27461
25000
22456
29643
18172
12449
32182
7515
31475
30978
5377
11890
18948
28431
19035
1054
13075
5098
24818
16674
18662
32273
26841
31387
15415
2856
14773
6115
19464
24313
1465
27062
4151
21433
6356
15507
21074
16268
6184
27237
26796
13132
21951
12131
18353
5766
3193
17973
15734
17606
6217
3928
2965
4117
32417
18371
21303
19647
23339
4811
1906
19034
1210
23364
22998
24067
32384
20457
21826
25067
2433
32510
6908
19987
27207
21811
30209
20051
14040
972
14490
31137
16613
4607
6192
3728
28740
7581
31585
22807
8609
3829
28244
9620
23920
17398
12617
25872
31525
30355
5492
26309
1192
25196
7179
19165
28163
28074
2974
4733
30046
22826
28583
28930
16174
15327
13922
17035
681
19825
24798
19383
23165
17450
31060
9904
3521
18963
17337
360
25900
19802
23695
4386
24709
12279
14848
24373
24666
6799
17197
21260
6133
30361
29124
7538
23436
21439
12752
26892
7864
15495
29654
29735
14120
15922
9501
30645
14231
10213
589
32657
30459
17670
30780
6155
6144
5865
1796
29856
9396
20908
23385
29705
4740
8287
4633
9592
16999
29800
23077
13086
20825
25638
26736
22000
19723
23765
29269
13995
8409
11186
8750
24597
20220
8799
14882
9862
18945
23176
22846
10408
633
23751
5831
19835
31987
11973
26575
25500
1063
3235
775
17862
19316
20888
14036
10393
5517
21467
26021
30106
13167
14275
7299
22396
28566
32300
30698
23454
14704
21022
19159
19668
9490
22953
15394
11114
4906
3603
19982
26214
5428
24374
1055
14862
25073
9763
6955
22442
28181
11019
1972
14987
32064
16992
11893
20044
16176
17719
2875
19032
19765
26865
14838
26284
7141
14874
5648
19935
13584
16017
25597
28767
19959
745
14612
7421
3512
5904
5533
684
6157
15918
25899
32645
12342
21968
22828
24847
2100
14406
20926
31166
4152
7753
18628
12217
23131
17378
29497
26848
26255
21639
3269
30734
27350
25222
398
28571
27570
28071
27217
32038
14556
15628
3761
12945
8760
4189
25039
24652
30985
27682
11546
25815
12642
1392
23913
5506
14301
4296
9799
9336
20366
30780
28557
10235
3130
15571
16695
9969
15557
1839
8560
20128
23018
11117
6383
13750
19759
9293
20870
20620
9239
18835
760
31403
921
17837
8716
14736
28625
3733
1503
7340
15350
26105
30590
24239
13964
9370
24500
11270
26074
21746
1825
12962
26783
24857
7308
24316
20225
22505
30075
27222
32710
3425
15616
7747
32198
6727
1237
29033
8608
32529
27819
24966
7085
28166
21440
11953
21042
161
18608
23523
28634
23606
11149
6325
13923
2519
13873
30827
27031
1401
24275
6706
26238
18515
18649
9894
15058
21127
14317
18071
20659
30724
14675
30477
668
29867
30586
24201
11158
2993
27601
1934
1963
13892
25307
9312
30878
9585
1670
16396
729
6981
25273
168
5799
24370
6188
24284
31139
20917
12668
30370
25713
25398
20095
21833
10411
29232
6613
26816
29470
21649
15551
29713
32311
4196
17716
11564
18616
1965
12850
26598
9391
7060
6739
29249
12969
2758
8352
1518
7459
3865
11177
29456
10305
32367
4822
26691
27075
29404
13816
31709
15668
15883
13091
23156
18532
11229
11968
16032
9241
22612
25054
5633
32002
7344
25289
30596
16620
22487
23518
20195
11320
5626
9373
24939
19341
23414
28928
4098
17866
5880
2827
31336
575
32485
19109
26557
32540
24057
16294
6212
27689
4910
16945
25702
23992
18655
23876
19706
11225
10029
18317
24771
20940
1442
24192
6970
25020
24596
22438
8334
24746
4812
7224
31466
7847
8680
748
15606
24390
4094
23567
11680
26193
2050
980
24860
15547
24170
28396
25385
16854
11663
25942
22167
23750
4439
24441
11782
25142
17937
14704
25072
585
11936
12453
18410
21203
1500
24481
28454
18890
16181
11298
9789
15351
23194
23406
3627
13297
12185
16616
24219
13644
29639
15073
16230
16398
98
29104
23382
10338
6965
3333
4143
5777
18108
21370
24560
17197
23945
26731
1878
17296
31974
7176
23970
31365
700
424
24988
324
8883
16481
6104
7332
22171
20949
7736
4748
11787
9038
6322
29610
16711
19726
23379
11624
19303
21472
30084
30748
12214
10483
653
30079
28249
23528
25431
4961
19505
13098
17782
1691
12802
7806
7014
29252
1748
14299
27157
3880
2457
18043
4002
26485
28177
30770
26469
31416
16619
17663
28463
24072
22317
12513
20947
11393
19669
24555
31461
23541
22208
12443
6081
18909
27596
20584
10703
5270
2362
32410
3590
5322
5718
29022
7599
2860
11097
4378
19564
22120
16270
32254
26488
17753
692
5084
23088
22909
26020
24633
7123
3495
5683
16036
10886
29940
29274
3910
14235
17920
13972
15291
26898
9818
27528
32288
21600
18997
22248
7789
5744
15456
29593
6661
11496
25208
13588
27020
29869
4444
6668
22777
29097
17889
21073
9708
17356
21959
31732
22593
27984
11500
15276
2277
20034
27328
13432
2792
31038
29689
8838
10964
17786
19592
7508
30782
16901
19915
17685
19866
28241
3332
24406
2644
23536
1546
9953
13084
7579
24126
21217
27777
10104
21441
6472
961
1181
11492
12398
31199
1488
15328
5114
17655
19856
19144
4358
15311
23898
955
23934
24494
2085
10590
16073
30833
28207
13193
940
14043
26107
9281
21867
20781
30362
10471
9265
19958
18219
23470
12977
28973
10142
14675
1294
32637
5821
7944
14072
19424
26988
25777
32025
17263
30511
26450
21935
27513
28654
6088
11386
1490
16117
25016
30168
20333
7999
32454
1327
3373
17652
2567
8843
23289
16432
26552
9096
28943
32006
21808
2931
21402
1221
13587
30380
8326
25721
27593
21838
28563
23733
24622
14610
30888
16016
29835
14961
29803
6638
3014
14601
27406
8449
28373
31554
25963
25871
9848
28977
13396
20597
7464
7869
16932
492
7498
28928
8858
27915
32681
752
21736
25613
7715
5438
27654
28373
24227
15742
4428
4911
27215
4233
5440
29273
25858
19487
685
24514
14588
17361
26613
21777
19160
5406
19111
26473
10687
26333
31060
8683
4060
14299
12191
27005
18191
196
16532
19914
17894
11591
15163
27530
6345
12405
15724
17412
27508
14442
26852
11729
18091
17712
11929
17122
22056
9952
25675
28613
19161
9994
22620
2083
11592
24919
22497
1166
13403
3949
23289
19833
29757
19475
19294
14216
31132
4502
6457
5387
9493
30571
4667
197
23276
29461
12009
17905
23297
8266
18999
2439
21759
21585
30553
6331
3287
174
27094
198
9069
10497
9182
21482
22416
28716
24285
16304
21296
180
25168
22645
22731
21610
15576
15908
25897
8010
5004
32325
6473
24995
31636
22327
155
25976
4596
16569
1904
11046
17829
23984
13742
2376
2026
15140
456
984
22241
139
20461
7831
22104
30026
29056
11950
27363
32633
14537
28565
2859
32742
29930
24372
15241
12125
27156
9544
26580
24871
6650
2569
3959
20177
28806
16394
30662
20783
10443
1376
22674
10911
32316
24582
14074
18066
32283
31104
25221
4681
3380
23999
18542
21213
30154
8517
4415
7298
4562
12937
15521
20236
25951
23197
12147
15283
15710
12558
26649
22547
9859
1804
19735
8823
20611
3530
18910
6998
12676
15400
11749
30750
32209
14224
508
29489
18387
17437
18398
23853
23613
3
22533
21361
11910
28203
20930
16349
27036
5149
20876
1496
30935
12067
24985
152
7467
17579
22699
13982
25251
4590
6957
26239
2570
7887
29310
20714
15083
30726
28301
25575
4541
21629
1446
11101
24151
10746
26251
10967
9898
29951
12487
1159
16814
14319
1855
4492
7837
30065
12554
20336
3168
10777
15490
18165
5446
2374
22683
20497
17148
326
22644
22327
24250
19137
5420
2008
442
1876
8695
42
2542
13180
1649
29224
18162
28598
29490
21978
29504
25828
9378
4310
19875
18419
26638
14087
26350
16571
30460
18605
30701
14374
7356
4517
21404
20885
23104
3563
18839
4991
31790
30557
3282
859
22322
24769
29322
14529
7833
522
7547
11212
2332
6615
26964
17090
14329
2109
10856
25335
5193
1734
5542
2286
5773
8633
25803
11202
11402
22172
2774
28612
12631
31736
3260
27750
11188
22108
21086
2392
18077
32420
952
14064
14367
32123
18011
1487
2667
16415
28445
25026
31529
19045
31759
29670
25870
18940
27311
28688
26545
28405
15967
20843
16794
11651
19222
19043
4252
19712
6230
27586
27750
26673
28766
18201
3924
17099
28576
4194
395
6198
10357
739
31300
18320
12048
3414
27496
245
8624
2374
27486
22526
282
444
28960
24455
27975
19739
5781
12982
6746
32329
21787
3897
4565
28943
28770
25806
5131
30147
897
32265
11737
24612
25667
9810
22161
32133
20674
28973
10807
13870
6968
1726
5104
24063
18449
6540
31927
30806
21061
27013
21074
29491
2532
30786
31364
7578
16627
21133
1669
23865
14966
4896
15023
26443
4046
688
15994
188
69
31018
2218
2446
24296
25661
23495
22395
4757
5912
26318
9180
23636
18293
24102
4297
22506
23510
8405
2434
27308
28430
15860
525
5266
11524
28256
23073
22412
27828
22195
26435
10521
11126
9587
27183
8725
19843
24969
29561
24786
18357
31988
31604
20843
5774
32702
12627
20565
9852
24367
17806
23351
4443
21826
13192
17404
21820
19541
20078
6694
26725
13092
5474
15973
20121
19704
4825
21608
5017
21020
19265
1779
20202
29841
32488
21042
5337
7426
17177
18509
30909
29690
13960
1084
1148
2901
21743
16093
18768
15349
11770
14915
28107
2998
865
30545
23833
12195
4691
27016
31622
32362
3099
7454
1087
26381
510
848
29789
16347
18530
22777
10015
415
5430
23394
1911
17175
23949
16220
31433
2215
13964
7820
26863
15439
15751
20231
1408
25051
19303
22815
15954
23385
30543
32636
29501
20944
11391
3438
23330
5679
22392
24449
14892
3716
28256
23122
19798
878
22697
17314
3886
25045
31214
12713
14808
17624
25629
1196
10837
23559
29915
7890
2310
467
25124
20020
23403
5698
31282
7475
25393
29160
6817
32014
28268
1298
8912
32436
32033
30532
25994
3542
24583
23270
24038
25153
13454
18746
11115
7019
25121
31377
6520
14923
31912
11967
13795
28014
12370
31180
15073
25416
6801
18668
20518
5832
13414
13233
26445
18991
12766
28032
14201
9249
31453
27458
7229
8956
8474
4443
23481
23146
30571
32224
6150
12082
11843
17156
28629
1364
6520
9684
4690
5204
842
13605
19023
21974
12450
19658
17566
17003
31383
22794
5566
20651
8502
28241
17083
27268
15235
2341
20815
19665
26811
2652
9037
1326
9948
17292
8511
523
29287
10180
30798
26880
4965
29817
28515
10080
15272
26307
6028
28945
23123
20682
23457
8603
18589
9082
13095
13182
13265
16511
31860
16841
26777
10349
16916
18408
25469
22846
28524
5054
19111
28930
14493
7668
13545
26834
14764
15504
25089
31750
4319
25545
18459
4008
30826
26905
6807
11816
9034
31893
11789
27472
24946
19578
23950
17531
20261
1800
21805
20738
5027
11923
26046
22264
29447
29655
17886
6167
14192
2700
25652
27385
13663
11322
12022
29836
28512
15695
29870
5568
7405
18543
16958
24962
6287
17419
25121
12014
31046
22069
24821
7104
23339
2738
15158
4876
6996
12113
6221
11312
2808
19068
14025
30214
24019
24589
28140
606
22476
30819
26729
17835
32214
7604
31852
7932
19988
17316
17627
7214
17216
19735
24539
20064
10061
9284
30359
17064
31051
6412
29245
29444
27276
31113
584
17300
14085
6377
22533
24582
23798
14461
15184
3409
30670
1805
23711
17318
16969
10863
2115
9379
987
1879
7914
8651
27985
15217
30567
26419
10422
32173
3510
24189
8307
22747
9018
24074
16827
29815
13386
22636
15910
24518
26348
8218
4252
4898
22240
4968
18805
7057
25313
17590
26078
9373
24359
29415
13951
21600
20784
26133
6491
11743
6336
1154
2807
28057
10791
13266
21182
5215
15810
23160
20132
5221
6340
5487
8714
21658
21302
30250
19425
32309
16189
23757
26643
18576
21916
17053
8222
14138
19321
2229
3842
32328
13668
7932
7262
235
23445
5971
4822
7752
9077
30995
30135
16515
12897
26806
23006
25117
11690
30676
17878
32129
15328
12626
23872
6873
11088
13782
23416
28710
25035
31869
8565
18320
31145
3025
23281
8186
12302
16117
32458
15322
2156
27427
11945
4680
18761
31065
14817
22101
13891
18510
18330
2205
11089
27307
27694
18208
32075
5496
11731
20301
17325
21204
15483
26208
28568
19690
24824
7150
21529
17696
26468
6846
942
2961
2240
31707
9990
2750
6107
20455
12553
15232
30069
21170
5144
5442
4005
32012
23702
20076
28792
26839
21671
290
8155
15200
5431
2095
23739
2543
10303
10300
29034
27804
8259
22854
10053
13157
18720
17487
7572
29054
22020
18771
1969
21224
12478
8573
5741
28741
20024
29083
4271
5355
11329
24784
24414
11063
23696
1928
4225
17187
16646
19121
5541
26395
23860
30505
16767
13069
24861
12658
18643
25024
20797
3501
19093
17510
28618
25542
9037
22644
19257
13292
4032
28593
5636
12100
25292
7821
11179
14558
21140
25781
26361
29416
8413
17380
11656
11297
8888
14588
21639
16785
27490
19285
17083
18552
7784
9813
29636
5252
11534
28993
16546
28230
754
22866
4471
3559
26093
524
23694
11799
3386
20427
5789
19271
13274
16543
30791
25368
10806
18265
15589
18451
11015
23782
16006
23962
30579
15324
4916
20510
32376
31315
3962
7571
5006
30198
21027
545
30856
18010
15683
7453
16060
10638
124
25143
17251
7923
6266
10997
19267
9293
26560
31840
395
18715
19623
21757
24062
3108
22691
5886
13907
14163
3273
25274
32476
11716
16270
30043
32359
24607
4050
24534
31074
23333
2333
10785
6210
9352
23848
13984
3365
23040
22175
31200
15541
18075
26917
23175
28240
25173
665
19851
18279
28648
407
675
5668
11493
30018
13563
12112
18436
2625
29740
25459
4536
18696
31083
20285
6919
2393
23808
2852
13977
16138
16379
32335
4111
1032
15906
22707
19862
924
15405
30844
28603
10989
26166
16046
25473
17095
29291
5900
31408
22170
31750
14137
15985
3270
2687
22813
20504
21525
6399
29834
19521
2697
12825
15391
25630
345
29621
24941
8463
566
3916
25689
1651
14802
6747
29121
1471
11171
17169
5475
30925
4837
15691
17146
5750
21726
31683
31401
5474
26725
2436
3229
28959
22181
6050
16367
1393
14623
4903
24775
29673
22766
22352
31175
1977
21327
20474
15527
3015
26464
8279
24092
18176
20776
8677
26879
4847
21976
20385
19627
16526
25936
29048
10919
16220
29925
7166
10117
15023
30562
22626
17161
8524
5708
2210
31630
19253
4203
23547
16550
12738
24965
26532
30977
28147
5997
14267
8080
28933
30781
27776
15337
11075
24031
14273
14830
5407
27346
20117
25769
20097
31786
9037
2171
18527
31961
31656
118
11406
32302
14150
13063
30680
14747
23135
16856
31310
24507
12469
28916
12767
22675
7367
2349
13098
22809
26440
14779
5265
29170
8911
15653
3983
31616
30672
17765
19531
796
27851
29511
2925
7584
32451
23826
8752
17193
7666
26730
31928
6171
25275
31605
6823
18277
3808
18749
14827
20998
12021
15701
9177
30672
28693
19136
20608
7531
32211
8718
21559
21406
31859
4808
19321
25546
29531
7182
14579
1463
15300
28799
2522
8851
18357
29017
13442
18744
21810
25825
9517
14254
25009
27654
27937
7665
29133
31553
26621
32244
318
23231
19276
19685
12041
29122
21595
14771
31220
24901
2120
15566
8509
12767
14940
21806
32139
6377
19610
5782
26149
6371
24216
27930
30306
276
24206
14815
18273
4209
12461
11554
29177
16320
24754
379
27891
30461
4538
31843
7031
12797
8280
22517
8133
22609
10981
31217
17958
19565
29719
7174
7201
30218
21461
18769
2033
19400
10826
21793
29751
8216
2361
12029
25581
13657
1936
14312
667
23873
29503
31971
1229
10111
21834
31412
27844
25502
31773
20198
1900
31277
33
31249
13710
24861
30348
5979
21831
12138
18045
11583
24505
5118
21576
31629
3840
13266
30478
27314
8295
13142
27794
58
1756
28435
16199
31891
8610
10126
21166
1556
19270
9328
2526
1341
21716
4837
15460
5697
16714
9026
27982
13249
21837
10730
30851
32475
20251
18290
10838
18531
23233
23555
30042
16240
5774
18944
14967
26907
15303
19433
22333
17795
16284
24960
28281
17941
91
6186
7942
30986
21220
12951
7398
3632
1117
29605
24721
6382
9255
4226
24717
13186
10768
3601
2367
26510
19658
3472
26369
32723
7324
19575
13941
10044
13911
23459
20248
31006
8844
20915
7194
26302
13564
31923
5997
5652
80
22264
31516
7630
12810
17226
7390
17048
27324
21577
10219
6555
26231
8969
10510
13379
2439
30976
8443
14662
9565
20770
4324
3810
2509
29770
13639
31334
13946
13532
25354
22771
16526
3496
15049
21892
16558
10258
9839
16428
23853
3440
21763
27295
17535
1972
10437
11764
11249
30027
19322
32169
9880
5189
23812
11240
26759
2229
28725
17160
19013
8795
18917
6231
8319
9600
5698
31767
15353
6946
2152
10950
9674
27729
6194
25507
27593
19673
21071
18541
4419
14625
28312
27246
30703
2899
8352
10424
21795
27581
22157
17327
1863
8312
23079
18887
24459
71
2095
16783
13269
3265
4594
13551
19709
30643
32030
429
1341
6080
21971
4918
10979
4170
18173
27036
31561
12438
3298
4571
18951
20010
30199
29536
10343
7802
26104
5836
8474
21444
3895
18933
23593
313
22069
17709
16174
2653
4975
13768
24003
8624
10106
20952
20027
6798
5458
22843
13968
4692
5872
10200
9629
13508
24602
15653
3213
8107
895
23789
27796
10688
11779
11600
3293
4304
11352
30219
19651
21272
28366
25849
26179
14323
32620
31706
13489
19381
7743
2900
21419
21206
30706
24375
10828
30803
10911
5
13985
15185
3301
11698
11617
24579
27451
30632
16856
26575
12163
5646
10789
21676
9955
26698
13221
15311
22992
15556
31663
27526
10859
17901
8322
10340
11537
24705
32379
17822
28461
3849
19852
7349
8273
20131
13033
10325
20870
10501
6916
18046
16096
10176
28604
26081
22357
3266
32465
8845
30414
29727
9372
5578
1663
17169
3837
23877
30580
2109
11412
7534
19309
12599
7220
799
8172
14665
12436
2174
28556
13680
23624
292
32148
25000
6640
12671
8140
4969
9392
30068
23184
13682
5344
14921
802
12485
13572
20419
23621
26355
8958
21643
24839
8601
4482
16854
12766
6955
15819
23109
22518
1264
28044
10
21194
11854
2346
13901
9202
12616
9768
20942
19771
18501
5603
7371
29949
12563
19583
29220
9385
16683
13345
5053
21922
3895
16478
16420
16462
21969
22004
19316
8556
29582
23224
16249
27048
11323
464
18196
2924
3942
10274
26849
23290
10273
21772
21784
13496
23042
13142
19121
24010
3950
5733
22476
21222
7447
24497
31055
31076
32452
22649
24017
26261
20817
21429
20407
12630
11766
11340
2716
485
19148
29575
32759
21491
1164
25541
20215
7930
13722
27505
29618
22736
32323
25650
29055
1661
25155
19041
31904
20298
24459
2240
26405
17946
25153
11369
21772
23805
14855
5380
31661
14083
29824
30013
28758
19534
16656
14198
18994
5227
16868
6840
7023
10979
28211
7152
1439
8716
27075
32600
27999
30757
30126
3635
4407
25250
24166
23741
1986
25541
2807
11362
26895
24174
4492
15918
10054
7220
30005
10629
23183
31156
28903
2836
1071
11561
29637
8199
3316
23358
12957
8572
724
28192
29366
29752
22993
25302
29129
153
13344
213
3917
18124
30089
12239
6903
832
9745
24525
27778
30555
26583
14205
10412
10859
1084
31949
22401
14047
21574
27576
12251
30647
2119
28512
15402
10809
4793
29022
15473
22502
14957
13142
27025
7340
6117
26318
32202
7517
510
30528
9855
16992
11729
14957
17209
2727
1500
31477
5615
2784
31837
4389
18565
27888
23807
32272
27538
925
25016
15585
21094
18058
3826
15983
28748
19049
6889
17170
6924
2412
25684
1718
22196
4092
15431
29485
3736
25006
1880
19658
24472
10867
31233
3371
22433
4111
29765
24662
20087
14284
16534
30728
15281
21615
14839
10569
11781
20587
7518
2116
18373
26709
2652
30294
25770
18840
30463
22117
19665
2410
6904
23411
6403
2046
5625
9586
11321
5115
21857
8282
26207
25134
32027
22906
29785
11643
22467
16139
24900
4890
4619
32267
19710
32512
17758
29257
27624
15514
5571
23740
13290
32705
26371
21528
23224
31211
27918
9123
2388
20382
7067
3141
26837
555
14607
7135
27750
8600
6304
3806
31889
23262
16314
28688
26558
13909
31393
27318
15350
6764
9305
730
28141
26269
9667
10211
28992
15008
28680
21862
9723
15839
30266
13887
16222
31531
27193
32225
2017
9389
16596
27626
9845
21535
16689
11771
18701
6972
9071
5062
22621
30836
649
18792
6369
997
9598
3066
23842
26759
25519
3170
11573
32166
10376
29807
1924
5270
23138
16934
7889
20130
10408
27990
14711
3909
1337
2931
5619
24221
19726
26016
30884
20508
25629
13582
18127
16769
18557
31109
21222
1542
24778
7744
15882
20955
2507
24830
4814
31188
10066
12118
32062
23391
15460
28235
17440
184
20122
24608
26489
21856
6343
7278
2131
32459
20699
20083
32190
11608
1288
11693
15125
31111
21539
25767
27522
8551
1356
23060
26308
14925
17105
4122
25392
10955
31824
3568
2294
224
13340
1963
19110
30829
15330
14421
9971
17896
9357
8768
14262
31060
25958
10649
12854
3441
32384
15680
15526
30512
6739
471
15599
18793
29351
13082
1200
16592
31924
12142
32387
19494
8327
25020
16515
25772
32679
32127
10251
19165
3833
16668
25280
31580
2017
12915
2257
28716
29866
2483
11389
543
23592
15986
726
32401
20635
27389
2501
17749
26071
31212
20303
752
21154
20986
15894
23301
16734
29716
4899
5905
5096
16304
24802
11609
7871
20832
17262
13344
8041
12199
10767
5404
29202
14859
23042
5419
19063
3691
3704
1091
29698
22675
23008
10663
23862
16398
11369
16481
29262
26683
9155
6124
2849
13988
2086
11569
28745
21386
6806
20405
15236
6341
6245
10000
5978
25291
6137
11425
8705
30734
8912
28032
30589
31371
12480
10420
9995
6047
26756
7590
6080
27165
18804
7894
8302
17055
8852
15565
22215
18969
31440
7507
22981
12980
20102
21217
6985
27353
17989
18521
27906
1675
19157
5365
21648
21243
6775
19581
27369
18518
17261
8126
19196
19938
10173
24887
21397
1097
28211
16917
16513
2613
1189
23394
24306
28444
6010
22393
24869
18526
8813
20413
5441
7309
32399
12938
899
6411
4491
17772
14232
17883
558
6031
14666
11185
5671
30839
30815
8267
7435
18161
12222
11524
3228
11338
980
17319
12874
6078
24630
13697
7674
3635
22664
8378
10759
8744
4253
18405
17542
10216
28639
2005
24015
31235
9202
24498
8249
25086
13972
16205
21796
31050
15048
4017
6973
5747
21811
10747
20989
6810
9158
12395
24179
13093
18589
32186
11588
25525
7207
7854
5616
27736
19080
2541
854
24577
24635
2575
1403
32565
2556
3574
12423
11014
3045
21346
27920
1093
13271
8128
7579
2804
19227
31555
15712
20986
19273
8758
23630
6938
23145
8337
7247
28454
21081
19402
5069
1648
22383
3821
14709
5506
16990
15599
15675
21007
24926
23872
29342
17449
21639
9887
12333
14259
2430
7218
18506
25114
6740
214
32558
4160
5035
5300
8749
28857
26139
20757
9275
20026
1748
5751
25520
20046
900
223
32072
2123
3451
22130
20590
2181
16397
17471
6330
5057
9783
23904
16568
16109
17286
4161
20971
12046
9269
1599
9745
5497
14485
8565
15785
15430
32690
3282
24499
14082
17716
4719
26295
2980
30339
11296
24328
26562
21295
586
23114
13829
31886
19700
7218
10203
10407
19232
1165
1899
31822
17499
23172
26062
20625
18579
23838
31100
26451
8745
15622
16644
21303
11847
25487
15873
5824
3956
10997
23625
16054
28261
27622
22887
31691
15638
1088
16460
32638
12314
15133
19777
8256
25136
9741
20000
2261
22038
29602
21188
30462
19106
16178
16830
19797
5390
20952
9545
31864
30100
29884
17537
1897
6714
14484
23759
10037
17392
22123
4008
20948
16856
3489
22647
10321
14053
9012
7895
4139
23975
26173
14598
31738
15973
23998
29334
10069
2925
922
27494
18932
6056
12517
25297
1554
7025
8030
17189
5653
15271
9274
343
32113
1793
2084
9461
16586
23970
8321
3163
26969
30446
3576
16682
22416
31131
17458
28918
10497
23051
16094
24127
13692
29401
2041
23971
26487
2994
29516
13137
29619
16998
13110
25793
13341
2622
10923
21155
10739
13713
8317
12053
27431
15762
14298
9240
32520
15468
21015
15941
28191
19857
15787
28604
2391
18510
22143
16222
11362
2212
31589
30780
32599
14931
31973
27982
31648
23095
26944
9577
14355
25047
22959
875
16479
20796
9452
16057
31658
2815
6899
16363
26232
13990
11786
13765
9167
7473
11519
30313
10649
13295
29361
204
3145
18838
11985
12903
11713
2451
11242
1327
21363
18847
13983
27078
26567
21907
2613
4595
27325
11645
26193
16208
21972
27123
12802
27202
30506
15015
20481
21806
2020
13116
2104
24554
464
23128
10882
12146
30793
12027
20146
32221
30812
6159
21974
9871
13353
29248
4285
17071
32139
12301
12214
27100
21499
16415
24475
27419
2481
11738
14350
4628
17421
12339
24323
19583
23350
6849
1407
17369
23809
25878
8606
16219
14100
15439
2523
25132
19531
21226
21900
6614
31066
25304
9900
20727
19636
5587
16605
14905
30124
18418
4525
18307
11994
22651
3609
8561
10177
31992
2384
13058
12718
19085
26809
7569
13283
27016
22838
10503
10997
10042
27051
1102
14195
23046
11962
27145
32712
19383
21457
32130
26979
7702
15719
29667
27925
23997
8322
23978
2746
14118
13181
9303
8219
519
23560
4199
10003
5858
32368
27526
7921
8919
21025
4865
9502
28094
24425
3706
256
18034
2686
32479
10013
2415
20419
31133
30596
30112
5447
9232
15209
17266
13710
9022
9743
12845
10133
13254
23787
32644
26640
32275
19206
32107
2038
31445
17315
14888
1087
31666
14370
28333
19181
11320
1316
10021
4425
7959
6896
22989
24431
15245
1301
24581
29964
7969
5457
1447
27495
18324
13746
8855
14494
6421
9723
29339
30770
5300
10313
8045
7366
21273
24822
12559
28452
6006
28094
22623
32385
3770
30752
18411
26114
3848
18183
3846
2943
27495
5034
11036
15238
12219
9649
17218
18083
22772
31385
16913
990
23941
31833
16821
23686
6679
2886
32321
17709
30335
24372
16965
18420
22254
990
419
1033
11624
29832
5790
18029
16248
6882
21812
8187
29729
13616
26798
7334
15895
26536
12149
2
30256
32027
2343
11014
14869
6872
19178
3856
9021
27598
19969
21033
27164
1776
19613
2186
18839
5342
245
10080
14012
30913
15000
5325
16560
118
24066
31023
11496
24560
622
13732
9116
31703
8684
9166
121
18293
4019
723
7063
14803
10424
13736
7850
7711
29312
13968
14972
17233
7218
25567
20635
20239
5616
2564
25934
14285
12903
20166
28110
10808
1701
25038
20147
24021
31787
5734
7853
7397
18756
19072
372
909
17301
16122
12034
14899
16628
17696
31487
12075
31358
25971
28797
5011
9699
25513
21989
8059
14597
17396
11569
24906
3010
13703
1116
7260
19469
1623
10775
31472
30788
1054
6846
5954
21437
28326
14730
8180
2467
24388
10760
7090
29184
18850
24010
4118
11546
31170
10844
4041
2307
13120
31609
29676
25964
21976
30079
17590
2490
11047
7201
5470
8540
16822
20828
22331
21083
31028
16556
26666
8754
9219
2687
24624
7393
25079
17386
25184
29245
6234
7835
29951
32138
11059
19727
9447
27467
23495
30469
30761
29017
28769
21042
29686
19763
2383
13110
14784
31893
18221
10959
32668
25676
9830
844
26603
22856
13303
12869
31801
16371
32630
4746
20325
13761
28243
31321
2818
30984
21599
468
27646
787
30090
3505
29313
2162
21745
29236
18712
21395
29976
16986
10003
11671
28019
8024
12844
18782
31020
7235
9065
25828
25376
2577
13123
5329
29483
16320
4359
28235
16549
13013
27005
783
3628
29704
16584
25536
4772
25662
9101
7294
21373
13751
29527
24507
29748
3465
21050
21322
7965
22861
29111
13241
27487
11544
18656
16865
25664
15789
30140
11963
5539
19184
19949
31094
16846
3742
25232
29638
9329
828
31589
24702
26340
5965
19760
24673
10673
8392
28511
8501
18258
9417
21740
794
13372
18311
19589
10266
8220
30854
19435
8705
15456
12046
2712
12911
19449
19163
12196
20779
24671
27926
5865
27834
26582
23940
29030
6449
28913
20478
17633
8519
18260
7713
3792
11694
19901
18758
3706
30372
14662
22708
31322
13253
4580
26645
9412
15907
7220
31271
21451
6296
4215
25524
20577
21083
17114
25284
28864
30674
8444
13841
8713
1447
10410
18619
13611
4638
15341
17981
29447
8358
30278
10912
15314
21422
26424
8943
13754
28857
22023
20970
20172
27317
29376
19710
5653
26248
6265
25973
12295
28141
1242
4587
27167
17534
10460
3073
12741
4881
30417
30293
29300
23880
20901
7857
7962
30052
355
12418
27330
25178
20730
27532
29808
27689
14658
13021
27212
17002
15674
2047
26627
28969
23444
18034
5227
6131
14707
13145
16998
5936
27251
13684
6408
10164
31210
18766
1788
4240
6509
1464
1315
28462
6294
17525
27775
17821
2565
17207
25424
17193
14757
20683
9596
31535
22576
23184
11316
32303
32758
28205
30933
2339
30426
899
1804
16143
20893
8929
10814
8410
23647
15223
23079
14172
27746
15886
12993
9144
32530
20470
11111
2540
19010
10815
18746
2470
8633
31020
20676
14682
21997
20452
15067
22417
28686
1131
28872
9860
28486
2001
5033
9705
27456
3753
21268
7949
16359
7613
5885
14115
9840
20224
218
31707
24474
25284
2052
7735
21300
28973
13665
20379
18656
20454
16960
29987
7704
18
7812
9528
7534
14470
8709
9062
23320
24629
27955
20072
15019
3307
15613
13445
551
23103
13809
16928
7732
11459
27300
16010
31659
13693
8532
2842
6744
18843
7372
22656
15615
25186
27784
18006
23196
22888
2074
8440
13551
13571
14796
12694
14392
6401
7303
21639
2112
12185
12531
18912
24216
7842
19936
29766
7717
23811
28645
31232
16349
31851
11334
31824
31947
15170
19227
22788
22873
29407
19631
10824
30158
13819
24103
30910
18454
13157
356
21457
8898
12536
27690
17478
11599
13003
25217
19731
12715
8871
4187
28277
25333
3006
9848
24381
388
16025
16007
28778
44
29011
19086
20221
3772
12293
5003
6153
11723
12673
2908
29450
12213
25667
30172
9847
19168
18340
11599
23195
8516
25937
1536
32416
24874
32508
5416
1005
25395
17489
24338
25522
27037
9516
12413
8896
25794
5129
10050
18335
24801
19644
11830
30426
289
29538
28754
10654
11219
8087
1809
12931
19448
10217
26650
1194
19459
16781
22047
28936
11744
18513
22789
19969
25652
17106
325
15673
20711
30447
31378
935
3296
8829
12732
10219
23823
11324
4564
19169
30897
24842
7313
28278
1231
4439
25074
7866
26888
8921
6949
12599
24977
27265
27816
3714
29306
25261
5038
14863
8243
4511
708
3145
4430
13358
12724
21218
32134
187
9385
19304
3585
5735
28309
11290
4818
27779
13008
12025
12738
22089
27138
21282
29264
28361
28226
18522
19190
293
4735
14571
5038
16641
18719
26031
437
26422
7655
18538
4239
1734
1819
12380
31819
11797
20966
3351
12552
10326
11771
23439
21432
29507
7293
26992
18468
15633
17949
25268
22577
32419
31874
23924
24673
1534
27373
22526
9628
1277
14877
23849
14385
30789
11120
17125
2072
31356
28492
14102
3706
22454
15037
3747
12402
30000
24671
2761
16150
24897
28799
2230
14513
8077
9341
20307
12115
1404
6516
28513
30860
15083
7709
27079
2676
13089
6129
4138
10734
12804
17294
21439
20014
12684
21596
30301
23929
15225
14192
20951
10028
2881
32177
10632
16128
3149
12601
14895
7564
2148
6654
31742
10764
6760
13745
19181
4448
14656
26342
26964
3672
28437
8054
4281
1838
4289
2593
1254
9300
2436
30584
23871
17520
3833
4603
30803
29094
20809
7550
19889
15381
31647
17873
4605
7588
6364
16543
24899
19198
12427
18071
25482
5595
12311
10186
8109
17538
29755
32596
28774
651
1723
19007
20396
20202
25682
26020
27711
2857
24299
14355
15745
4085
28692
2613
2439
27356
4015
21168
4464
10581
25322
31051
22517
21761
22386
21843
13890
1328
32484
27453
13060
10663
16005
11660
20420
29345
10034
17654
16499
31251
2458
9154
16710
4660
6826
26740
32452
23869
15433
21420
17437
4717
15942
21836
25533
5201
11150
29913
3617
15426
30627
6436
2793
32559
8265
29481
2095
20381
6019
4151
29720
24811
2493
22353
5288
12251
21579
30165
20955
29774
16402
32603
26097
24655
21637
17632
26633
20563
22228
10020
25841
20671
18783
26704
31293
7339
32625
16604
10134
31206
6443
15280
19029
5690
31678
7561
30545
18929
6622
23455
9972
25495
8307
25989
26517
24834
23441
18000
2561
14736
26538
24827
31835
7600
770
19466
18215
20388
4964
4206
24737
31109
13332
20393
19027
9351
24580
5426
11494
13694
3146
22299
26169
4769
18130
27121
15792
22158
11600
27620
13007
13455
20601
27431
6663
29212
22387
19354
31695
6561
30602
12199
27127
19073
5156
26729
16185
19034
6903
12564
32018
15243
28793
14737
15312
7411
152
17512
24811
30460
18348
23523
3992
23000
26538
25201
1948
4363
7578
584
26206
12330
11083
16462
32321
23778
2373
13882
14384
31291
29951
14326
13179
6430
12114
26696
6113
21014
32558
178
19950
27731
19596
20631
4487
30196
26531
14238
4803
12678
20575
8028
6396
31943
4623
14381
23590
5296
1886
32098
2144
23219
6788
17570
8137
32578
21949
23690
11925
13712
22522
32407
1376
21659
471
6214
28097
2410
28366
12153
3363
32403
3754
26141
27088
7425
29502
24842
17999
18932
9814
5674
18160
17993
7150
17886
5541
4860
5282
9117
30739
32491
1126
29151
3049
16861
20855
5433
7537
18626
32658
25289
19557
5949
7011
11732
29443
25183
31296
22702
867
18614
8727
27866
20233
19334
28069
32371
27831
27990
16617
24266
12420
6574
25049
25169
27186
14880
18771
15800
23997
7301
86
15957
10800
3721
23922
25033
4796
21098
13949
4321
24075
20732
23176
442
16338
11505
26641
1321
166
6999
21371
17241
22544
9570
12731
11190
11491
14188
6995
7178
12237
8506
15236
742
1069
27521
24511
324
27428
9896
7006
20330
9455
5840
21393
26898
31860
24850
18331
17607
12570
7687
26942
6802
13022
30094
6515
32214
25764
10185
7519
20089
22730
10089
24451
17732
15363
10540
20787
8077
25187
19619
73
11795
10934
16953
13594
19241
11286
4721
11433
31767
25021
27247
17179
16829
18711
4538
8811
23673
9755
27968
18783
1867
25052
13211
32443
28215
14171
13970
1204
25579
8864
26083
8359
6818
17929
28480
19211
25672
14817
8087
7077
15839
31284
27030
17914
10785
26338
13679
14858
8039
2547
24024
15675
3273
6186
32342
3988
14983
24541
30396
28971
2472
6660
18414
7137
22240
20879
11755
1356
1207
21757
6923
31989
28904
26154
30853
31428
22791
7272
20531
12728
29287
11474
17306
15067
14651
3293
29733
27766
15099
9008
16561
12673
24586
31414
31822
30045
30869
11249
580
30662
4286
28817
19285
7427
20474
5445
26690
3679
26551
15825
1425
16093
21827
12129
23692
10280
31465
5404
13709
21449
21597
29437
24441
1180
19034
15070
16523
5253
27017
14294
25683
23135
165
17349
11006
11317
27101
31533
32215
20917
889
25412
11534
31457
7105
13895
23224
3848
21530
18960
5912
26613
16243
17643
4637
19814
16351
5286
1579
17600
26499
23527
16415
2304
24755
18882
26765
16117
8536
3979
29259
14765
28053
26857
21044
25389
28074
27180
25638
7524
23320
2273
8525
12130
2310
4771
2980
4806
19427
1588
29368
13685
1101
716
30128
914
20785
16816
26250
19882
11572
19975
29351
24366
31570
28393
13450
22823
18117
30650
4829
9509
14889
29366
4276
5240
4573
22988
29462
32675
3500
20912
24506
31246
9645
6956
22798
28155
1639
11959
15229
13499
6201
13896
8178
32546
5626
22892
18328
8760
30428
3991
29925
7217
12182
27831
21974
26016
3778
7183
25468
25319
14467
32067
23223
2546
1388
6063
12866
4133
18589
22525
12783
13458
16687
19447
3892
31344
15059
20633
13031
26568
8629
26219
3142
7282
3495
8206
5434
21824
2171
24340
27613
12153
5040
21269
9529
16521
12626
28414
15699
22006
29723
18605
18536
29078
23262
5819
18806
22016
31526
16537
20990
14144
16154
13535
20232
25551
15011
31200
10089
31170
23505
11394
3905
31809
31355
24909
13511
23867
2854
7105
10825
20312
31016
20461
12654
29743
27662
8765
19391
15034
31802
22932
13413
518
6865
14234
10036
21551
12500
11096
6377
19852
14732
4610
17584
1063
23596
31251
13034
880
18610
7327
7468
12338
23566
229
21387
10437
20358
32293
1815
30086
30553
4017
7589
7556
21666
12101
29394
29564
32384
10651
10820
12040
9844
8507
30515
9747
15370
13201
32040
14992
29628
29761
11781
20587
13587
12991
18758
24512
13327
15898
24710
30540
14793
6936
1349
17185
24663
24712
1000
27549
17904
11732
20481
24732
31568
28630
1489
25837
12638
26604
9484
28163
27149
10575
26843
11245
12416
160
24871
19849
7281
31172
12565
21748
9427
30706
5837
4164
1462
5130
8320
2682
15724
13609
12969
2226
25834
6010
17299
26525
26480
13647
28699
27953
23917
18032
19895
25247
3741
18866
7607
2694
24436
19660
17867
18278
11711
26215
12742
1623
24713
5748
673
16891
12091
194
11971
12721
25608
13776
30591
30987
7560
32224
22495
27523
21411
23116
20640
14441
9137
12573
13693
4896
10207
22234
24497
11146
24021
27294
27063
2753
24726
14445
22612
10248
31143
5576
21719
18945
19827
27775
23712
2080
9966
26567
2527
95
9849
30604
22942
5427
22534
7689
4866
18367
29820
15253
13261
584
21085
19648
1576
26346
18854
20126
17312
30345
3830
15715
26990
9226
18931
24880
8699
10178
27369
23853
26531
10030
949
13528
17593
1253
10210
15261
21708
27852
6161
8870
27433
28809
15518
6388
673
18490
13184
12719
23181
2918
30065
1210
25871
30259
22096
15755
27290
3802
25795
3130
1716
16217
27936
11479
25082
14184
9102
30977
19813
10925
14695
14260
8909
16179
25057
8035
3755
16409
2542
15943
10019
26759
18272
15606
29762
23270
17233
12087
19844
6225
9154
26389
12441
3142
14466
32306
30056
162
28498
2398
853
3532
21318
10856
27583
23344
7022
29748
3533
17391
3254
21774
10091
13268
13067
31550
30607
20619
13759
26589
21953
17165
19247
9191
25306
13663
4003
19345
14092
22652
17269
25564
12578
1680
13430
11882
19209
21862
22157
28560
6032
11556
20385
23214
19820
14134
31417
6331
895
14728
9826
7460
602
12792
4690
15575
20224
17931
28746
15258
21228
23262
27713
17314
17750
26976
32702
31585
14771
25279
5254
11679
30587
14624
14967
14284
32558
24723
29876
12949
24729
23622
25090
2229
18006
11257
17522
28686
23186
11697
11329
30968
26898
18353
18940
10201
25208
28326
11239
19702
9411
23586
27296
3720
11542
2379
2304
22803
5818
16853
2882
10739
2917
25389
2407
26679
2237
7159
16600
16307
7960
16315
26958
12881
3462
731
20719
21416
24337
13001
954
25296
27971
15990
548
13940
27625
8974
19203
12072
25111
4322
15532
9213
13420
23718
4440
32083
9367
4316
31437
29167
27162
13200
8506
6734
18510
5190
2402
20024
17832
13873
9724
152
26682
10917
6234
3466
7037
28623
25674
11958
9037
10148
6970
2525
16437
15127
17055
3505
26861
15759
31127
4330
15649
9368
8652
26518
5492
10200
3996
25264
21701
23878
1400
28149
24241
26006
32394
16371
22361
15607
3227
20579
4197
1025
19763
2232
18249
21737
14850
25336
6342
30968
22654
27339
19892
4667
3278
21714
25856
3451
5095
8249
32497
28783
26869
30352
3503
22577
6652
15830
28421
15343
20415
4311
21350
18403
3297
4537
5678
25733
26698
19153
27435
15871
18124
4539
1372
24545
22534
8361
6904
14614
23177
23035
27314
7191
27450
27152
9788
3934
25592
15196
26122
542
3454
28859
2648
14641
10378
23045
11630
2129
4671
5859
2851
11148
1991
23521
416
21746
19774
3524
3942
17041
15307
10013
29331
28835
31504
7198
19808
15365
27077
12461
29679
2283
31135
29879
18244
16851
631
23239
16785
17079
20648
7383
6070
1159
29369
25446
5128
7382
2620
25290
3665
26068
9205
25288
9497
25212
23359
25698
7204
13070
19628
23024
1084
11712
7148
9586
4145
28592
4336
20773
15133
31262
4174
13908
9196
12248
29416
1649
16924
18165
201
27236
22466
710
4943
11299
17614
18954
8847
7811
8079
28001
16885
14158
13946
12804
20523
3989
24359
29874
24124
15943
13980
30958
4602
16643
14030
14439
1949
26411
17765
18104
30380
29498
8128
7505
7713
26199
18489
25525
15304
10794
22698
2023
4840
3310
24112
15134
17957
17351
8750
9920
2213
26454
1173
28046
27250
7819
19299
19740
17439
27579
2922
29573
1455
20467
3667
23900
27826
14475
23010
20454
26033
27390
15484
17286
7372
25337
742
21112
418
22193
15183
32706
17009
21882
10641
27240
638
13462
20660
16608
20408
15946
13747
2245
7064
22327
16259
3792
15179
3560
22610
4867
13075
18600
13325
1319
20715
1430
24612
25977
23146
24827
145
7585
20969
21978
24087
26083
5864
27849
10695
2713
26030
19712
6601
9697
31280
25520
17241
8595
23092
5526
22032
5494
2742
11983
7269
21939
13451
1262
25971
17801
31812
32588
15357
16963
4437
31135
3759
14951
14455
13518
11686
17713
21834
18948
16691
20031
14143
21508
7644
10638
11701
17084
6564
9125
10082
3356
18061
25104
24821
13608
13914
10256
26361
21068
11161
21393
28413
5616
23521
9820
19442
32333
10073
12174
468
11135
27001
26953
15501
2779
18197
24233
11798
19586
7575
28154
6111
22326
30604
31528
881
11885
10850
9846
28242
32420
367
23411
27944
17398
6710
19499
2594
16109
21990
11418
25236
11160
1060
16998
18401
28382
11018
7373
26526
11793
4208
2267
16116
1223
26730
5601
23878
19685
19729
15908
14868
11516
25479
2002
8736
24793
21045
12858
32719
28759
27735
17211
721
18552
14011
2301
27396
27316
10693
25568
31382
9873
21687
27826
21355
4468
17967
19237
17342
12471
24050
20608
17930
2555
27623
10900
14379
3520
16487
17138
3520
4147
4532
7771
469
17478
23238
20600
3007
27910
5966
22475
6982
14634
245
30182
24586
31975
12772
22491
8223
15884
20618
8947
25083
17994
10393
14755
28050
12243
21842
19643
26815
8232
24835
3297
4838
9515
32206
4158
25560
26748
15275
16503
4598
11522
24496
25823
17306
19144
16529
7403
28594
7435
19555
24294
12718
5777
7077
20197
5277
28732
13696
510
6546
9694
26958
437
32077
13647
24922
9143
279
21437
21222
2507
15086
3396
28531
24069
12514
702
31548
7996
17343
14813
11524
4543
11500
13175
15121
10308
5011
15392
14713
31009
32002
11006
11676
5055
7250
729
31474
19019
17734
10610
3335
17326
1653
10518
25283
27072
11948
12402
24303
1976
16782
17577
501
11496
8061
22948
28903
10151
25790
17578
28099
11406
17367
15664
9462
32231
24380
24562
29726
10082
26155
26690
3604
8714
30933
5024
8234
29816
6078
25484
23729
9030
8806
12696
3775
1479
10537
18881
6959
21237
5732
32511
4840
31403
29401
28187
14947
7957
18773
25281
10855
16996
28048
4822
28183
31942
10836
9227
16943
20117
6881
12211
22923
25294
13201
14546
19177
21958
15800
18550
3055
21528
19150
9290
7536
9698
25296
21352
19691
31281
29155
25967
12116
1721
14651
12245
14615
20426
18235
30079
5979
11391
15069
11407
11907
23353
22101
22142
25083
14923
9457
7786
2353
30967
14404
12721
13793
21658
16515
1726
12182
13859
1071
1571
18542
17353
31476
18920
28445
15102
4050
26403
8756
9886
20090
30153
10404
17773
32763
19140
13181
13504
31389
6214
19708
13178
10509
26716
14533
4410
3259
9670
10605
7635
16257
9990
28475
11517
14469
28599
1072
586
22624
7200
6468
14683
128
11017
2291
32339
14794
6605
21240
10892
11908
1713
1369
6537
31603
19828
13987
18988
7232
21032
30071
8233
30497
28224
20805
22971
19381
13289
24664
3478
2351
31646
26387
17692
20406
28662
1146
1747
8460
3009
2036
25879
1134
15956
21582
25868
8636
10785
29700
20951
6106
12683
17084
20494
4694
17912
20500
17772
25163
11559
24477
26826
7813
12484
10791
3658
3813
27705
17472
982
26375
11464
19959
4553
5155
6102
20454
29675
8753
2954
26991
24227
31825
28055
13381
25704
3177
23638
302
20345
32272
30232
21000
17358
10411
10938
13578
15694
25813
19322
25933
15938
20741
19720
21643
16906
18794
28641
550
18446
5914
17112
17260
2808
6764
13301
24857
14369
29858
9091
11805
15176
29900
11621
31648
29322
19433
7337
3652
24206
19534
15712
30890
8961
14412
172
32567
27458
25613
10010
26904
1886
11967
25906
25219
21822
5876
13901
21568
18975
28233
20903
21609
12355
28742
30133
5230
27878
16518
32185
28763
25204
5144
30099
862
17145
2596
8154
25988
26329
30674
8747
30403
31681
11111
19393
23357
8157
27314
10822
3267
15692
12454
24809
9624
14801
28232
30129
18552
20171
21196
2321
18905
7527
24314
11196
32369
21268
18391
18106
21240
29239
27778
18876
4399
4896
25436
5037
30241
12605
25195
18825
32169
22670
1793
3954
1844
18265
16536
22529
14280
22559
25345
15834
15686
18382
9150
7043
22252
11320
1708
21878
18205
11972
32229
2676
4709
24420
16612
7709
12216
13255
7914
20926
3578
1743
20641
24426
4805
11333
3327
19276
30310
27852
25966
24379
8488
32275
11562
1167
28118
19279
28650
28723
30075
8681
15298
21756
18540
5747
16968
4153
14472
13793
5366
1164
6335
22262
207
5880
5585
8188
19781
570
3160
5304
25179
29789
9
16541
6663
10889
6199
20800
16602
32540
17816
13580
2530
7675
30028
4663
31184
21291
29979
10740
3414
10139
27903
31723
7891
16452
4578
15846
20274
13172
30120
31693
30223
18535
6256
29652
23836
21784
7959
755
19140
11862
21246
13719
8206
24090
20238
20631
3523
5144
32249
26217
9427
1172
19906
19606
17909
10615
15487
1387
13454
6562
8798
29169
20692
27266
23782
24608
15667
20453
16255
18768
29424
28172
27957
21744
2572
4609
32697
29562
14443
17451
8104
9638
19509
26911
29200
17375
9597
25785
32561
23027
29472
29548
30336
27406
14064
11734
29682
12777
21778
27287
10870
12607
12965
29284
6083
10369
10148
14935
9557
16586
18446
6281
23218
1557
18500
9955
1266
174
178
18481
30590
742
21681
888
18968
32523
172
10634
14364
31127
4994
30935
1285
27560
5932
13190
2610
10672
11424
23493
20971
8814
7925
2653
25503
2589
12743
5001
9583
17899
11997
28168
30449
11180
30473
4209
26925
27088
6736
14535
14316
11154
15179
21069
26675
19827
16845
28059
12298
13799
8391
32498
2945
9806
13160
22221
8949
6181
30088
2232
26256
31358
6982
13413
783
25517
19440
25853
5064
2885
1060
31412
13803
8259
25397
21152
24840
20360
26576
8395
10449
3725
24544
12423
19490
32338
4014
32513
13630
31383
21581
25625
20316
10575
17717
15729
21858
7762
6446
20420
32240
26450
21104
21114
10400
5136
30216
22905
28812
3791
21117
4413
18449
22793
6580
299
467
98
21009
18466
27393
24538
25311
1876
23259
326
16370
28500
23409
13057
30858
9071
20397
9695
11643
26432
14995
10082
12939
19071
3016
19505
24348
18202
5457
7877
21003
1415
3742
9830
11479
15192
18631
23126
2566
22544
30741
21836
12996
29749
14020
23843
22478
13990
9479
4820
20878
9263
19021
24226
11143
3419
7107
27796
32500
3721
19482
19752
24748
22082
18570
3654
26185
9674
1815
24691
1673
16373
2579
7239
22773
14908
15588
15393
30912
25616
3591
7705
3825
14447
27221
8758
18373
3508
32133
30946
14158
30643
23539
13722
29025
4101
31135
31210
22703
6305
4729
19609
26930
11436
26588
28961
459
29587
30552
21345
28969
2646
3764
23446
18924
5927
24883
16008
16906
15155
535
7681
8562
22208
26724
3459
1008
21368
24550
20282
29265
26884
2933
23856
5831
4061
23672
4800
4239
5727
9128
2637
10960
3104
7959
820
31431
30591
10608
25598
10529
2432
28288
11483
27304
17367
18677
28236
27682
17730
11622
6175
13686
12316
18068
13472
18449
24368
9968
25614
31880
23755
13149
11340
25471
20501
11062
28889
11721
21664
29075
9986
24529
28738
31688
6742
21560
6944
2351
21851
20927
3596
2088
639
14440
19217
19549
22865
2520
5195
31307
27633
20736
17660
19454
26821
11516
16605
4891
9326
827
28082
7204
32763
7393
27425
22264
32604
13161
31940
26777
9241
12431
23165
2610
24644
9581
23306
22873
13740
15588
11481
32145
21843
11581
4381
18195
21282
27920
19745
10958
16860
12133
17884
16300
19281
27418
31175
8471
6356
29061
19691
23228
8174
22617
23358
16782
10068
15054
17711
24078
6167
5628
10880
19402
28443
17544
18260
12836
25290
23939
26505
14933
4361
31375
9287
9906
18795
10564
8153
28461
18341
3026
13244
1822
29251
27879
17654
12356
29081
19155
12969
32518
13051
7658
4840
29695
11313
24105
12745
20154
29477
3101
1724
32186
32223
16641
5147
20414
7859
2599
25858
19011
4281
5017
7520
18761
10366
26111
20558
19546
31993
15299
4256
5321
7361
12660
28602
31032
9085
21864
24230
4700
17307
23206
9571
9477
6213
29442
25727
27992
21392
5258
21736
12127
7415
11809
14847
12485
13321
3946
14830
32730
11102
2024
4155
11229
20431
355
20126
21115
4070
6541
8208
9875
30612
32485
16933
21564
5154
5340
10395
26121
21610
9014
32563
3980
14663
5300
32191
280
27210
2288
17021
10443
687
15752
9891
1228
10895
4734
16699
27346
20567
11743
3121
26854
5752
675
24491
9065
18784
16085
14232
21592
29098
25844
30604
20431
22161
5272
8395
12748
1195
18008
11940
6454
11476
32492
3328
5150
28519
15759
23866
8516
26549
10663
32049
27357
2991
17320
1180
7827
13286
7478
11422
1742
24502
23690
21915
18738
2493
3862
8009
28265
8338
3948
18186
5922
30644
604
16505
601
17601
12124
15426
18649
31977
14382
4408
29184
9889
29628
15265
17859
29596
28743
26324
32753
14071
24768
13575
18620
2996
31094
14690
5749
16233
32754
22616
23703
21817
4639
566
11271
13572
26799
31740
10394
23259
6329
10861
30680
6839
6311
4962
3328
19562
3151
2403
30284
29653
7264
13688
3957
14684
23808
29501
15738
18071
1971
13109
6046
23370
3199
22368
8623
11928
15950
15888
31630
28787
7827
28408
10732
32599
3120
7814
23634
9784
22936
31603
21604
30393
3632
31384
21094
5022
22268
5379
11007
32644
27255
11338
27197
17359
25538
2335
10202
997
22785
10277
28862
20634
12547
18690
27076
20458
31777
29622
4033
3310
21608
26667
14531
1033
2298
11276
14998
16227
6321
10971
23181
6040
16390
7230
27262
27825
7729
9370
14095
27475
13714
25571
11056
12854
19280
26291
19689
27609
27200
11673
30550
12404
3336
16051
30192
17455
13188
30079
25869
1425
26472
1262
31659
8251
29735
24506
8809
22486
22036
31482
31702
32586
9415
7924
16878
28720
31939
14898
7394
5771
11350
27352
22296
25778
10176
12852
4723
17297
2199
1687
25300
21265
7273
14179
29153
3797
18084
22374
4101
11047
14771
8550
22199
15922
19306
2813
16384
2417
26788
31144
22327
30567
27690
19994
26384
8593
23767
14806
18645
29337
22266
4860
14578
14540
9468
6755
21687
15566
19267
26601
9562
12428
2901
28935
23611
2675
8769
23977
9324
8416
17979
7996
11633
6615
10118
32264
21316
759
30871
4288
1949
9645
16759
21079
24687
27561
617
18966
28598
26510
27085
31212
18544
21998
8516
1797
21737
10869
30229
20637
25148
32100
24783
26903
1303
27969
12336
9545
15294
18637
23366
13851
29011
5431
16084
80
18004
17551
18935
9891
16997
12413
24073
31254
21328
11571
26054
17543
15690
18592
26541
8580
24696
2535
6057
22880
30641
17679
11249
29318
13446
22268
31021
27918
23679
23966
6618
23694
19368
16488
9455
21555
76
7428
14273
22800
5121
27717
22308
20149
17892
29533
27603
4612
31270
21840
24082
13888
21192
22696
5265
6247
17826
13675
23188
15554
21418
32586
29009
10938
17779
27
20633
15085
4340
5769
23227
2945
19595
27914
1958
3768
21314
7442
19277
26565
32336
4743
15184
2527
6115
17268
14296
19859
27420
4097
7106
28766
5467
24227
14337
12923
31934
18576
7741
1786
4068
27254
32448
2578
13047
11628
7571
12728
32233
7209
8932
27760
12285
6259
19115
8804
31882
1243
14222
19635
5372
13992
27905
5899
5147
17425
13489
16250
11920
687
29475
10369
19620
18993
12184
20843
29004
20306
21301
10460
4707
11016
25440
28077
17974
25086
15213
4599
27205
69
2426
21614
10056
7495
4759
1009
30321
23548
555
8543
3057
15200
18579
21419
19133
19236
19723
25139
9618
6307
30418
10573
4406
26649
20873
15651
27650
3599
20700
11970
32413
32026
30565
10093
31242
23493
25805
20023
5861
14028
3893
11217
14825
9099
11220
160
16822
26293
2785
16658
25041
29513
27315
11315
12013
21954
1575
12411
16489
24463
25154
4842
2841
9922
7959
3160
22857
11788
20459
20742
1023
18665
7832
13944
20865
4120
15919
27527
7447
31310
28897
30386
11282
27947
9504
28341
21517
23149
28161
8541
22131
15716
23269
7322
5442
3238
29272
19926
1294
29699
21561
11141
72
27323
18204
7421
24512
31215
13548
5256
31849
18262
23253
4024
32348
14385
12384
29179
7456
16513
18912
28015
13609
12919
14862
28152
22174
8748
14064
14991
12640
12690
1535
16605
583
22699
29576
16136
26031
32248
22867
16333
13107
29493
30851
7375
18104
10819
10941
31534
23214
13926
11916
30300
22418
28080
4868
27948
15543
16061
1702
9516
1607
3745
3460
14389
13444
13087
25254
64
22612
23836
2219
30075
18685
1874
19891
12957
26413
15689
18045
4982
4413
20099
1229
8650
11446
16887
3345
17503
26901
7618
20291
25685
8139
22296
10001
31926
30088
32384
10044
18510
8377
31809
13374
445
31056
28951
12847
27082
13763
3883
18921
2042
31063
32578
2411
22882
6046
9781
25467
25017
12606
24225
21136
21169
3573
31455
8942
15751
22490
9015
10259
729
7142
25680
24914
29881
13234
491
20926
24319
31874
25041
3913
27107
32643
8970
19757
2763
28497
13648
25995
30561
7868
1220
9810
20201
21708
3551
25955
28114
8707
28074
8179
8074
6881
16946
10544
8855
7086
28470
11303
13028
31091
6948
1253
3672
17482
30788
13532
10157
32471
11826
30345
31616
28439
30609
13396
15268
27736
18430
26296
17596
20105
3651
7587
4617
25268
26317
14624
9088
2249
21089
5427
2592
24221
17674
11524
3714
7218
8534
31040
9650
1337
29633
3517
10301
5077
626
14941
32651
16546
1317
13108
15727
3062
6505
1005
20989
11367
18187
21097
21404
1677
10450
13482
3420
21001
3436
7664
18313
4037
9385
10017
32384
13694
3303
13934
31681
12928
21710
18996
1350
12721
17725
27424
5907
15569
1923
2455
23311
9472
31699
19029
21266
21633
21490
1620
26943
28093
17971
495
23188
23435
27813
8007
12223
13998
9355
4070
14387
9375
524
18850
15228
5006
11308
17092
21711
30627
13563
14698
11494
28041
16908
2602
1547
26157
6441
23032
20082
16323
25925
5962
11467
28683
18354
5754
15128
9170
2453
19819
25532
30651
406
29295
5333
11839
476
616
15820
1779
25144
29230
19243
6921
31392
3889
5294
25370
8672
21344
29084
18979
1164
12361
26455
29133
26681
5505
9778
3057
12012
13894
18564
27995
11987
21091
2043
15822
12851
1620
23858
26953
13218
26283
15749
13961
10870
27314
27428
9935
31613
27218
2918
739
25071
13107
30560
14681
25760
31013
31415
29203
11130
9663
29874
31495
18731
19269
3987
29250
19739
16079
552
20781
12705
7592
3997
15632
31350
16885
14740
16596
5994
27287
22647
21517
24405
6738
3597
21304
14161
29230
17996
19776
14886
2845
14959
19016
29702
4831
10824
28580
1659
12323
16342
9512
18589
29167
20762
8102
14216
20033
29735
29874
19213
29687
6521
7080
680
29676
8327
32753
16050
1380
6811
2177
14808
27050
12258
14500
14028
13047
23231
19963
13882
29334
28005
32705
18686
4678
5541
17235
21140
23776
21252
14832
20432
31289
4881
11197
30159
25162
26614
13324
15661
2958
3404
733
11640
22700
12084
22437
31973
2390
10147
6479
22594
12913
9725
12161
26412
374
29926
288
24706
20248
21077
15382
17178
17703
3561
19027
1714
7092
24961
6161
22825
12662
14343
3933
15343
876
22156
27859
5562
18372
7066
20905
3194
12284
18629
14063
15248
5703
2692
9748
6714
6706
12863
23213
9810
28807
22185
12658
10041
27249
20048
2185
7438
30690
14451
29960
12323
10546
2067
29109
13489
29705
17740
27408
5834
16254
30950
19603
17040
31616
30248
29496
23717
18293
30444
10556
24290
27682
15865
3874
27980
11467
13196
5628
30531
13211
12344
28390
30973
7494
27120
5075
28979
26604
14179
19852
24346
18753
7560
23285
23701
12267
23417
7570
10409
29739
26756
28491
13873
31680
6271
1388
4819
21768
23133
1264
14898
3433
17663
11263
10597
18159
26188
13493
18089
20790
2180
21797
29010
18827
25041
158
19976
1614
25120
20013
9007
20890
4910
10338
22951
14121
16102
10839
30134
26993
20458
19951
7234
531
8304
20316
30788
8566
11087
27108
5241
12719
21337
20964
32091
20645
13548
4117
16207
9586
13764
8718
5408
9484
18195
1034
23212
2596
3540
2028
6109
1102
25948
7552
14299
25187
28722
28676
16512
15395
11040
31975
7693
24351
13962
2000
22299
727
18943
4066
15572
2079
1550
10815
27490
18375
6235
26058
11944
13434
26098
7218
7984
21479
12250
21548
2917
21279
26094
6399
259
14910
7144
27462
2763
846
21695
12017
30331
6248
6195
14990
14077
32028
1701
27591
14047
10004
24365
25899
12035
18931
11239
22833
21912
6787
2189
1657
31048
19728
14155
18774
23731
21263
30670
26250
26141
7172
21663
29520
30563
23970
23215
32416
564
10035
28467
24494
11389
17466
14257
19892
6437
12887
18523
9457
10491
11884
3229
31985
18413
7422
7666
29712
6778
20958
31995
21562
8042
31496
24786
29940
6588
13003
4252
32416
22240
32042
31581
29436
9510
13443
529
7917
3703
10606
10232
22907
11075
31208
7473
13340
8634
25521
22410
53
9535
5618
11671
19934
2585
17955
10241
18406
16748
3116
32033
4374
20840
18890
27341
1722
7617
8501
25202
3166
5215
16128
15203
17622
4694
31552
24433
23681
5400
5616
9660
18638
3050
4756
20425
8446
23956
30493
23764
29740
30301
29197
10087
16523
29238
11227
299
28656
14134
18329
16639
32144
5190
22228
30535
10506
14366
17596
15494
23208
5232
31876
20016
7393
354
20236
28089
20259
13634
23486
13810
30160
25717
182
23189
19335
7601
5669
1566
30628
13933
30967
18909
3594
23445
10419
21578
15392
6785
31907
24984
18201
30248
13366
6797
16249
23697
26274
21904
3540
4235
5581
28164
15577
23454
26734
9684
9360
7233
20335
17743
23264
1101
6807
27959
3412
7090
16485
20244
10271
23401
23871
16334
28253
29866
11724
22651
26523
6238
2206
6518
18074
21207
6932
17329
11600
20415
28030
23628
29232
6734
29315
3686
19115
11712
9664
24371
32503
27143
32178
26702
2831
16573
13526
3153
20731
11868
11790
22948
16465
21425
30791
3986
5884
17294
13657
31138
7996
22720
26670
5412
3822
10304
28199
13578
27662
25518
10171
6137
6778
16378
5218
9376
30456
13413
26033
16457
9083
9640
19910
29613
26786
20850
3302
21005
20610
3608
613
22142
24229
12936
17606
11141
2386
14976
1316
4323
22543
31485
16849
21426
19301
31477
3132
3249
29155
17480
26136
6365
20070
16629
31162
65
29591
30857
12739
16142
30900
16862
29696
9454
11156
15617
910
16022
9189
10612
20034
32154
7097
27798
10567
4742
12609
23647
16649
11562
30167
8784
16466
5941
28226
19114
29363
23814
26678
21471
26150
30910
18715
21062
20465
13210
14863
31762
14542
12672
21806
12677
13384
23255
14353
21857
10088
6300
8084
2464
25233
5810
28893
9316
4777
122
21402
28977
19833
27556
16777
4698
15703
25925
12094
5817
12290
21801
12833
6051
3277
11114
18358
29467
30208
3137
8737
30278
6523
28189
7657
3104
29852
24050
17660
17516
3939
24020
755
18161
29396
4548
28312
1763
24221
11978
19621
19104
505
24644
12239
23453
15316
6013
23043
29343
9776
31105
17136
13358
28871
24368
26565
20806
20210
7058
18492
8273
31945
31850
13527
16978
8076
14606
21097
10339
1346
17269
30425
3425
1951
12178
17187
14310
5675
9440
7839
6263
11169
3647
30598
6143
12949
31742
27826
10876
7514
27705
17573
31225
13603
28005
21965
15804
25704
20265
17415
4544
140
21871
14177
25190
22204
8636
28708
16487
26
18108
23570
12557
16667
14882
4332
20131
30765
6319
20535
19754
24478
28815
30784
14157
9913
1516
1630
30615
9778
17854
3703
484
13252
23264
19397
12565
22808
6505
11994
11528
29161
13369
3298
27848
30054
28882
21545
10496
28375
19818
27101
21174
27012
19774
5396
25141
21458
24360
6928
4683
7600
4724
28866
23477
5681
3568
9614
17624
19578
32066
27470
22962
30687
26750
24473
24591
11081
10744
31301
7168
22491
30295
17706
14473
25301
10987
16681
10394
21176
22081
7278
5184
22443
12020
7665
9757
13085
27845
27203
19734
17068
14318
1415
17995
12869
8884
14014
844
6541
24892
12361
16522
2176
13215
8616
24587
18264
13888
5768
23650
19889
3166
18173
26591
13546
6373
15628
3075
10702
14730
29548
23862
8564
14358
20877
5820
21859
26114
10458
13030
19194
5701
5948
21381
27152
26986
29407
3748
26327
8165
9016
29559
774
26279
2887
23438
27191
20976
26905
23630
11661
31333
20114
27810
8859
28770
5993
4846
10625
31121
116
12101
7768
19644
17446
13787
31185
16351
24662
28093
25880
7298
26945
1983
17663
3653
3539
8630
88
24509
12578
2536
1442
31102
15676
22209
21481
22393
4898
9928
2791
26761
15380
7377
18031
3144
16399
27763
18700
8999
17813
2748
14821
25790
24236
22308
31203
28768
10025
20672
21526
19443
6190
11192
3413
17662
13554
23291
5925
26628
29888
25137
27101
529
3651
1010
18951
24722
2048
8245
32008
17257
12836
22283
12548
13633
28032
17293
7164
15903
25554
25362
5689
9274
5446
31910
13294
12045
24380
7352
8729
8362
24652
30995
19114
22865
23943
20752
999
22849
3328
7689
20239
5326
27020
10256
27197
20148
29637
21217
14736
27819
1109
14102
19337
31292
4977
23450
31924
19922
6563
9056
32395
1044
28109
17237
17815
17778
17515
21651
8920
2558
13336
22231
3175
20350
25428
14133
22874
30143
17284
12042
29928
13612
32058
3891
19662
25502
29111
19324
32496
31606
30126
23131
2628
6378
10571
15583
1772
24988
4468
17123
10658
2673
22095
24455
5721
28576
19204
8673
17953
29449
8900
9711
1100
5321
30474
4560
18127
31243
800
29492
26091
22048
14566
4370
30476
27091
4815
1433
20209
3318
18220
13416
28429
30273
16557
28929
25133
13661
36
27003
19548
4923
19341
10616
12803
19626
20044
18775
14933
23337
3765
7595
28906
16377
23761
31467
19114
1399
7775
24939
29165
27305
7194
9610
7649
27927
13370
26669
31019
9436
5693
29549
23505
9980
27623
20365
23639
25080
5000
9263
31784
10400
20349
14791
29496
24361
3833
12111
24296
32383
13318
14397
22570
25052
31430
30386
13541
4762
26111
17908
30875
1606
21718
2334
14409
757
9691
21014
30094
7643
2886
29888
13584
2073
29824
23153
21532
7639
12518
10663
24972
27539
12233
5623
32238
7608
441
27718
1762
3699
32515
12092
4548
26050
14200
22518
31115
32718
3952
3835
1009
3450
11791
29042
25045
9020
8391
13970
3805
10796
22558
18777
21599
26458
25010
10881
29570
3429
890
11952
15008
3145
7246
27887
2543
4985
28074
29021
2913
31278
12975
2084
8648
510
10346
13485
21310
10160
27481
10512
12996
30287
20011
20943
3369
4221
3528
18883
23854
25610
1681
19030
19175
15301
20201
27635
14948
9106
23284
19131
11665
21181
3486
25466
32091
4238
23264
15577
11796
18206
24383
12501
25369
14440
4245
27247
13746
2467
27667
27557
29497
6352
17799
12194
1663
20623
7131
15666
4203
28214
5854
15736
29668
28196
4680
27363
22769
4691
23032
27742
27423
14125
31615
28871
22308
27297
20706
7843
19393
31093
10396
11280
493
26334
12003
13050
4143
590
31788
5522
3404
3981
27889
1788
17954
13579
9906
3144
2772
9333
28218
2468
22311
12678
13091
12240
23084
19232
29852
24018
8480
2715
25450
19178
27024
19805
25901
3272
24256
3242
23781
19965
17998
26558
23732
18608
24595
5145
9446
22930
32074
10267
5166
16148
4852
29648
27954
22743
19323
23565
5450
31587
23445
27580
12421
11293
7787
3956
16110
22899
15611
12109
7949
25434
25786
6898
6576
2042
20862
31735
23275
2215
11932
17005
31837
6932
4941
16308
1205
31427
7767
25489
117
11968
29929
20352
6134
22415
10438
13388
18092
6499
18853
11740
6060
30353
9688
4432
2923
11843
32301
24909
2761
29553
12562
23700
2894
4109
8444
23258
18611
18558
23049
27604
14244
4944
15076
27793
5572
31018
9449
1804
15090
12544
30601
20482
4043
19593
23280
30465
19823
2292
7654
15554
27272
6103
10995
9144
22921
29800
22727
3817
31796
6383
6616
17149
28767
10363
20301
32148
6647
24788
17179
5853
3653
26802
3438
24933
17520
20012
26954
15404
12100
18803
15474
2814
9265
6080
22153
2304
13207
651
11127
10634
22081
26366
3342
31540
5167
20905
10222
16692
2200
631
18341
14055
26415
27873
9755
12717
26278
2145
18990
5370
13424
1322
14745
19626
21964
14614
538
16789
6655
22752
24020
31844
480
20883
30450
27299
16538
22082
3725
31255
14766
30202
2767
32337
8247
19957
12377
5251
7026
11280
2787
31123
5245
13695
18722
1646
4447
26048
4079
18079
16713
31181
2213
23840
7708
7062
11979
11119
18218
25006
8435
28389
31041
30533
30945
18500
18406
86
28400
24975
31710
3617
19634
9758
15091
14300
29399
16625
23796
11174
30288
21829
4606
19388
6324
9573
15866
11247
8162
7107
11623
854
20712
27207
1882
26176
4643
13287
8386
23660
30888
29816
5361
10109
17635
6851
18264
19880
4734
2268
12946
15536
16260
28335
10405
6420
20167
13020
26756
3463
18815
24005
11480
11936
25651
15076
6143
18131
27357
9315
8533
7840
14409
11494
26547
5386
15550
7084
3382
7243
22496
28374
66
28358
2517
22534
21958
4157
16295
26412
6337
28484
16105
22429
13061
15093
29854
13158
21307
16614
11094
16607
29735
26456
27802
28291
26925
6065
4490
12542
5140
11565
18117
1928
10251
15312
1929
6770
7657
17311
21532
10238
15801
9231
10090
13172
24950
25534
28655
10866
21779
8289
4055
29828
30654
15101
10340
8436
614
5211
13457
9956
6011
28086
14069
27545
32757
16822
32489
794
14743
10658
18669
24314
14965
8913
15944
24434
3508
18529
6127
31411
11665
21804
26792
28281
16036
504
21103
12260
4198
5102
11033
3460
1778
12110
21559
14258
21000
16992
19005
8999
5463
7342
12004
31175
26108
1648
21196
3518
16710
27720
614
718
24764
29487
6673
8679
3937
2223
9603
2809
25654
17236
3691
14598
1537
10077
7764
3195
23629
9142
22477
20416
20914
23339
27335
27150
2902
3542
18494
13441
14772
14041
6428
9582
26268
12883
7258
17910
25723
32652
12392
9691
17117
29555
3023
16787
27696
28491
26901
3739
20683
28577
10720
8718
17199
1921
13663
9590
27020
7145
5606
3554
26759
29566
6616
18745
11066
28286
31690
21965
27772
31478
21989
30771
25955
6453
25740
851
17672
1152
23615
26299
21898
21511
22208
30521
29270
10264
7028
9640
13221
14227
18187
6154
29510
20894
5732
22743
3741
10137
22698
4245
2540
29525
19652
32169
30929
19840
28140
7789
20496
18532
29597
16770
1171
8914
2227
28776
7087
10072
32206
26699
4265
3002
31479
5408
13177
25760
29830
17137
25805
397
26434
31093
21329
17680
8139
13796
7726
19774
4405
30473
208
95
32502
20377
27629
20968
32258
29379
12227
21418
4404
28424
7073
26440
25840
2893
13992
9198
28167
31279
30163
17472
28634
22422
4917
12433
11715
9357
27266
31062
19376
13649
32465
21978
8721
17831
3488
31539
2293
10099
21273
24436
24175
16263
25492
15652
19519
17593
15964
27375
4270
30008
32182
23452
20154
13856
18463
23103
10611
20811
26326
22192
11941
17771
9626
22075
21687
23637
24501
23705
4051
31648
24121
24863
16968
25455
27530
9270
3116
20363
16412
30987
15941
11957
11390
22408
29738
25658
9368
19074
6565
18375
4145
3636
24412
22399
1204
29420
25264
20555
19507
22532
3302
8305
23980
21268
28036
26729
10891
22374
5118
32236
25969
29098
11410
9549
9780
27627
25713
29964
3879
28098
22815
6057
22427
27850
5916
24502
24485
339
27588
25136
12578
29531
3700
2831
4601
5050
25838
24604
2976
13724
26367
26115
3042
23604
25951
23465
735
28847
14296
16319
8788
5223
5802
21656
8732
25434
9007
5687
11767
15066
25531
22189
24715
22662
14022
29858
28584
25976
333
24625
28112
16832
7285
25081
17655
9233
18034
22640
20103
25019
6823
24443
11431
29401
21774
5692
18621
1740
25819
30507
6961
15592
4700
30313
8309
21868
15396
23121
8002
28344
28520
591
9252
8890
24489
4085
22072
6314
403
9803
2356
24311
19750
13159
12457
8577
27411
30782
6277
4104
20841
17082
1756
2276
4976
3597
10984
23543
26837
32068
32078
14817
12296
25631
30114
9074
28643
21024
14638
28005
7308
21474
9967
11339
9116
24236
25825
7365
897
6726
21117
23542
29217
32011
1151
1080
22207
28224
11756
526
6947
25252
6740
13659
6133
10056
7508
13009
8299
20129
7008
14763
28964
29660
4031
12703
1619
18545
13271
17678
7455
8187
11179
27519
25674
28231
23458
30795
8209
27563
19338
409
17748
21401
15068
13197
20471
29043
19010
25533
22664
28577
24150
30949
11554
7394
8109
31451
29073
7135
15380
24261
2742
12550
19737
25481
22829
8853
1998
4741
1838
24309
6601
14465
28081
23882
22383
27361
21718
27720
8051
27935
4995
25416
6041
2681
21071
27035
9920
14311
30111
18462
20511
4688
29454
30990
21455
3325
5651
27166
14473
25678
30686
9415
8882
10412
11906
20704
7316
30142
30553
17774
13295
10720
24740
7101
4272
12753
13939
30896
26880
15531
14021
85
30336
27673
20719
10172
20691
21700
29762
22794
20830
25358
12776
7625
25675
30723
13839
17282
27348
21132
23626
11918
4798
6374
25395
20265
18211
5715
854
27848
7797
272
27978
15277
27072
23686
29473
28856
18735
19396
24835
18304
27090
26669
18709
11938
20638
28782
18079
3673
22198
25524
31855
23887
15081
23835
21112
30643
27771
17257
14015
27788
29480
8444
25976
13645
6246
14337
31851
2985
13803
9959
23965
20904
19823
12563
9517
16379
19891
32726
13948
20109
10434
28572
9360
2906
8054
15718
31163
21380
26175
10362
8823
8867
1824
23640
32661
27741
9466
14065
25495
13368
1037
16148
32602
22443
31676
24361
504
15995
13712
14369
28652
25925
23936
8365
30071
30294
10096
9390
14403
25795
19959
6381
27719
15799
28261
5901
12266
9223
26117
30142
29547
10764
5279
4403
28544
32177
10305
30677
28477
6859
22079
20281
28984
30633
9593
1359
25579
24556
11740
8669
345
29081
28972
19500
3573
28781
12544
22786
32447
25457
26126
29903
19120
12494
15528
15915
27480
11233
14983
25728
20678
18834
29128
7940
19624
28386
25908
4075
14515
3524
452
26586
23621
1070
20836
23966
21833
29039
19192
19998
2140
30147
25501
6286
23597
4133
17713
2790
17450
3684
19989
29331
24153
17273
15921
9580
10371
30744
13625
5863
4248
18821
26159
19853
25679
27305
9258
19627
25613
31589
11349
17995
32008
27174
20794
10594
28332
5050
27457
24651
24382
5474
12915
21364
9151
1320
25988
1112
16147
1138
25105
21677
23650
24792
4646
19934
18623
14131
21251
31931
12295
19702
14624
13680
8460
5058
21870
21427
7411
2868
24544
19266
13787
29954
27434
7309
192
3910
1481
431
24222
18713
27715
26531
24793
9572
12464
1973
19676
16371
31609
13622
768
10443
18784
13172
19632
2494
19136
10218
21964
19004
18454
31923
21834
9580
12225
18245
10531
26235
12550
1883
26989
16181
2135
21043
14020
27858
24789
15866
18415
7954
28435
8581
31425
21900
10525
31809
27708
10050
16313
6765
23549
10362
15596
18822
24276
25289
27584
12547
9394
4977
27973
9027
21960
9197
7894
31428
19181
4297
13725
22421
9536
12983
13146
20750
2319
7648
6239
28606
32760
2936
30431
933
17998
405
19305
10915
1983
11585
16048
6961
20275
8909
13453
1871
11766
30825
19527
11197
24090
28402
13841
24430
25623
7435
468
14138
29621
20591
19247
4563
7212
6534
26301
8186
32649
13622
29846
15603
6483
18683
31768
11062
22639
9530
29927
2407
4161
466
24882
5000
1300
26869
23864
1134
6076
17462
18443
11121
21625
16354
27028
2664
26911
30868
14808
4053
18036
9988
11641
16732
28890
15904
11136
27258
17454
12126
4185
9075
12015
18768
25119
17548
10403
25721
6683
6523
26486
21087
10119
26908
6437
17121
3991
9573
8986
5067
20154
22428
11737
16040
24349
7367
32666
22743
2160
18021
27191
23009
23790
29531
20553
7178
1943
13617
1422
19238
20416
5502
3727
13742
30158
4001
895
13331
19775
21170
6757
6738
14314
24505
7294
26569
26247
22557
19164
10569
625
4191
30292
16748
9387
15111
20119
2857
15905
16351
11423
2725
21809
4960
23629
8268
15466
8810
10576
29217
9876
9784
13128
32594
15344
29842
19755
4624
5313
8260
27624
925
15626
32208
26699
1703
9626
24672
6177
27604
9798
8958
668
5278
30070
20999
13305
2145
14563
2269
29791
24498
5022
22493
26123
31219
21845
18065
20138
12580
11986
17958
4102
32764
4036
10272
5093
20025
4546
27980
12078
22324
5261
246
16462
24248
28565
13405
3290
10260
23743
3684
8822
25455
102
17290
16117
1372
12960
27164
962
15535
28098
16042
30846
31374
1574
3255
8426
16587
3883
4020
10760
10865
4478
24624
29309
25244
30360
16713
29242
32142
19848
25190
17755
26624
19699
26920
24143
24758
13913
22429
9018
12374
32409
8887
31383
4986
24504
3325
2850
2820
14302
6529
13045
1714
22945
11026
31217
7666
12678
9138
863
19191
25797
6219
17111
23564
19789
27805
30817
3880
30472
27515
14299
3011
608
12087
32667
12009
4098
28251
8789
23949
6626
153
2110
20767
23935
12293
2929
4705
15208
10882
29586
5750
12287
10106
21682
12859
18813
5587
21875
22491
16182
26142
8301
21150
3615
17681
1232
29954
16013
23095
2634
27917
14143
24294
31787
13025
16799
8562
12231
17809
9029
18592
2587
10803
28861
27485
2228
24887
32138
20656
20941
17911
3434
27630
4024
3214
10972
26925
7039
20974
18144
24058
15050
29229
1534
29263
29955
6432
24201
5567
17337
16683
27685
5364
8770
5207
7303
9051
16549
25509
6524
11550
23991
10403
5165
1363
3203
17724
21921
17523
26863
30164
14467
27405
32669
10645
28710
7355
27920
13571
16582
1878
30736
4823
3345
19046
11087
9994
23781
29404
12876
14384
16732
24324
32120
4871
14854
7861
29080
3152
32629
9163
9834
21725
22271
22230
30859
21484
21439
25620
29336
31667
10461
21661
20883
19516
28943
18398
10377
30835
3936
24904
26482
24958
3377
15945
18777
23628
6525
2172
28093
30065
3425
30749
8502
10033
6619
23231
6492
13786
722
29249
10212
9816
2902
16382
10508
771
30506
4164
12602
25275
17791
23048
15839
26167
2307
18135
28066
8090
282
30480
955
6215
22635
22097
15004
26871
11423
5167
10711
6153
17253
5418
17212
12825
4282
28639
11073
20691
29287
19072
28840
1033
17611
11394
26459
20740
13530
6293
10907
15384
29542
729
2649
4219
11678
30543
26596
23128
28372
1166
17861
18206
20355
16055
3815
24606
5520
28330
22780
21333
10704
16762
9755
16006
1739
3103
27054
12429
1215
30571
21643
21743
9960
10304
11361
32181
19967
14335
12886
32635
29697
4419
23790
5060
21809
1232
26927
13712
10848
10950
1795
11313
22636
25627
9437
14426
14599
4167
7839
6009
24761
19265
21436
20806
1576
18347
26777
924
28312
6473
14138
8329
942
952
13082
21153
30329
8541
17498
31639
5043
30363
24094
270
11587
17737
21557
23468
15623
13411
13304
7280
9425
8191
9332
23622
12207
9603
4555
18905
14448
16406
10199
18857
6499
2388
24593
23645
18786
29254
9905
16218
18959
2193
23319
31636
19294
7149
12138
22180
10324
22489
11135
23068
8462
9614
22268
25879
30212
27185
20157
31764
18575
30028
18806
19204
25769
13183
20378
3489
22516
31091
10876
20994
31231
31504
20149
18796
18884
17136
17861
7020
17525
15891
23293
28450
6520
12244
3996
7904
24496
8731
6712
18932
12286
9685
30047
14529
18695
30625
16767
18197
8248
23756
32259
18614
1032
19584
23999
7230
13181
14648
14990
24617
3826
3703
27705
32301
17943
14010
1691
202
10041
15787
17155
26401
29636
25239
6362
27401
24070
12066
18822
28000
5173
26170
25485
31903
31924
24393
254
10673
1938
8623
17677
7942
14676
21615
23805
11747
21236
22056
2115
17916
15145
4424
27624
2884
3305
24700
13615
32260
28460
5995
20344
26922
6644
931
12644
2788
11402
31187
1338
11118
14602
17212
12425
5673
10529
32610
32527
10476
24598
19975
29914
28062
15879
21849
2989
29189
26742
30827
24485
20953
31748
20962
3868
10013
2939
18161
20942
21679
4114
18055
2874
24349
12013
2246
23628
18362
30692
25272
30776
7665
389
573
16553
15066
1628
9800
27931
23307
26482
10059
16773
2737
14355
25584
6204
6111
14036
26122
17172
32549
22485
21451
1992
1637
17476
311
15260
31202
29474
13784
16960
16282
16202
31412
29688
13526
7855
1148
12026
2559
24293
3590
6167
4275
2787
14077
20126
12312
24071
15064
6014
29552
26714
