6032
7638
22868
8343
28553
7853
24262
4513
19597
23170
2275
30638
30070
13782
16127
7766
17103
13588
2470
27262
19004
2662
14632
30412
22805
13773
21845
21598
597
27505
14982
17339
17331
13366
2013
31241
1550
31887
17101
18049
32014
1431
21468
11297
10761
27742
16551
17312
1571
15232
18215
31143
6074
15101
15924
32062
30465
29252
24391
29317
1514
4241
23940
15780
24394
12153
28152
31236
16696
9156
9503
29120
30389
20602
19881
10582
1171
12352
7293
21411
7567
2277
26111
16910
8641
32057
14478
9475
11574
28958
81
12451
31195
29665
6196
31161
6300
9418
27693
7920
17870
17905
4292
4676
23754
29012
29650
5815
11995
9255
2697
17989
16731
5227
8372
13337
14104
1218
11584
32513
26877
2690
20476
26656
29166
31240
23709
16867
12787
27983
5893
19254
3225
6337
1221
19191
26261
25164
30688
32682
9899
28345
14034
14191
15822
6457
26064
9266
31369
2369
5458
16418
11165
23192
6607
22116
21996
2991
4295
1032
405
9776
14087
17724
25185
21977
29737
25279
24414
24971
16218
21401
15817
15006
16736
26378
29489
5752
22491
19136
25306
18014
24010
16716
2656
16777
23890
7383
24988
5501
3771
21009
29131
12438
18620
14187
26605
15076
17912
17542
9836
28985
25544
26091
6654
13951
15931
14588
21964
20303
19803
17451
15060
31680
26546
32617
11916
25469
19981
16609
9416
2075
9344
25063
221
12713
31914
12331
4615
2440
21818
32563
12040
22397
12978
28168
13586
5380
13676
13615
28135
19175
20698
4314
8511
27920
2065
7008
21866
10395
21385
11243
822
22576
5150
3440
16659
4752
14171
8677
10613
1901
28920
17838
122
7807
11681
1880
23757
3284
8954
1929
22474
21608
8415
5431
2275
25077
2032
23065
20546
15628
2381
11099
13487
32357
5022
21142
22709
116
4439
25343
19200
32316
23610
28383
13834
5224
2589
12611
13047
22680
30445
32756
17341
31481
12275
6569
14471
9752
9302
9340
1116
4344
16097
28827
17659
30562
19719
21312
522
27772
22308
11747
26480
15261
19974
30126
32512
19296
12716
20273
11607
14071
5453
4695
30215
4546
9373
19096
19189
2336
3659
1905
27391
22662
30670
4369
5090
17358
24161
21846
2907
3025
2380
8439
17293
4407
29030
30979
7843
6542
16856
10378
5558
27290
22051
22169
18161
12268
22885
14444
12019
24246
27352
13280
4468
3038
27547
1575
21804
26705
22965
17087
22256
22426
23639
16037
30751
21683
25953
15302
27708
6427
3112
26806
2524
14888
1398
2212
8899
12447
23763
22414
10058
32386
21251
32433
6404
26409
1488
11588
4256
28052
17674
10597
23313
3328
14539
27988
29165
24504
15615
9439
21267
10286
5668
7965
31633
28746
25423
2143
2501
13058
29040
100
19138
17451
21462
24780
14068
27279
26102
18383
8712
24639
6760
15151
8710
11563
15154
30571
29120
4079
32585
16182
21104
26864
6485
16167
12445
23464
9141
22962
4158
6718
3523
28503
1058
3930
28249
30489
13455
23095
24468
31538
14634
20730
18391
19973
18966
32066
13331
2900
3168
18176
10054
14771
32155
16777
834
8253
17095
20201
28336
9349
24184
3450
23636
17616
4660
17334
6035
641
28444
15946
31282
20692
22990
21611
12128
23503
1419
1645
10231
15222
10901
27282
9215
26431
31707
23584
30068
32197
8152
8374
24648
13504
12473
30687
15276
1333
1982
18664
14476
26602
22498
25327
29016
13853
23486
829
9994
629
6827
5590
20325
32313
2343
25677
22650
16064
2170
9949
17777
30505
2457
11190
2182
31308
22346
2197
15954
6383
19337
2711
11852
12350
29738
22607
13455
31861
27329
31254
30942
992
25535
15522
5861
11781
14557
8667
7105
23328
29374
21481
31939
4047
5583
20114
27505
2319
13939
12995
10958
19559
6237
30828
18908
2147
23868
29329
26462
22852
1694
22943
25314
17910
20238
20476
7935
2370
7808
5345
14556
31557
7664
22892
22769
12065
11845
27633
274
6386
18043
11666
31657
20484
32001
1551
20547
16707
16480
18911
24910
26098
798
18047
5920
21152
24290
26890
15420
12888
29400
13066
28369
537
343
29069
19332
8325
4290
27260
13679
1501
5036
29737
24426
14381
23615
11047
31369
20420
24286
14942
11750
8167
2057
26974
15264
22471
10625
25844
30499
12208
17069
30203
28842
30338
10301
6773
31235
4965
20237
13531
26770
20409
15948
17841
14489
32076
27869
25436
30135
19664
3581
25656
3246
26764
4391
28390
27241
10065
22836
25827
3133
27568
28359
23391
25967
874
12776
5708
15862
6952
20207
14773
28291
6764
31396
9553
7615
31688
14756
11864
25299
30030
14087
11157
28974
1351
28223
1981
12674
14120
11331
19967
27664
13505
11246
25820
26662
30648
20897
27449
9446
12086
18992
27570
3912
11744
4348
23090
22883
29705
8540
4032
22248
10789
22338
14492
751
8065
17179
26763
4854
8498
29942
18799
15142
15692
745
6170
2009
18004
20144
25444
28762
10999
20120
16763
1771
30203
23964
28539
27149
2679
22221
3903
23291
28735
32759
30582
7544
17571
1921
18937
1226
9049
6549
17500
20999
7095
20609
32450
18319
1573
1117
3318
5594
19923
15854
13752
1396
679
20683
13397
581
18298
24766
14459
27670
28803
22125
6218
20561
26131
1850
26798
28936
8067
5223
28653
15673
19051
17790
9852
7761
29205
25072
14871
16110
15154
19964
18192
12009
1995
28370
15336
2196
6010
6649
6940
31552
30681
5102
3905
24323
22843
25102
1363
13752
7066
29621
16715
15686
10193
26280
8431
30502
26891
27312
238
18719
31356
2184
30764
6996
23887
20473
23899
6017
19167
12612
19147
28034
30505
1472
5251
16661
22402
3012
25744
9440
16773
22983
29085
18102
30288
3270
964
12566
28144
13799
15268
17908
30489
19291
20404
22204
32538
8328
13270
32149
5649
10600
24368
7139
859
3372
9271
8719
32335
19494
20236
1162
24364
31973
32268
527
23631
25762
26787
7977
10154
28379
2144
31478
113
18493
22607
24874
3350
8391
7811
15702
4472
22829
29682
21355
21848
8058
32390
24954
20236
16122
4464
3773
26231
10071
10176
19419
25656
28418
27954
2152
24866
21716
18763
25003
18924
1270
8357
11941
19242
9470
16520
3406
14716
27482
10425
21794
18950
17906
10135
4828
12064
21513
31843
29058
27982
14180
29664
13473
31858
175
13084
10202
2368
15132
9357
10141
27379
23373
15199
10037
8510
5492
269
22533
28294
24249
8495
22033
25166
7644
26515
32192
26611
20251
25742
20192
11673
8022
11156
234
30565
17009
24583
11399
13037
2298
1101
11860
24300
30987
16165
9954
6971
28274
2875
15362
29948
1552
1274
32575
17176
22655
19105
7595
9965
18424
8857
15583
1344
25971
23558
10557
2937
12559
7580
14712
5391
14773
5811
2903
1345
24568
18078
32181
26887
16448
20025
3021
30024
2088
32706
28084
13645
15140
8426
8743
32118
10855
4907
17799
30251
9220
22107
23074
21270
7507
6530
26036
2703
23702
19945
2094
8536
26076
28787
28597
24203
12070
32048
19950
31696
24521
16688
12921
9683
7955
32405
28347
24822
13873
5868
26337
9795
2384
12222
29729
19620
11267
1377
15427
4694
5349
24596
8801
23195
13439
24396
13547
29615
29548
3912
15597
30974
23482
31979
21141
9620
29076
15307
6896
10965
32542
4742
4852
24430
22433
16725
3011
23179
21992
5859
15406
20299
6634
18271
2936
15472
18857
14799
31069
17500
22873
16296
18259
16697
7877
27292
18192
26999
13295
29876
29260
6267
27894
28318
12232
3989
25917
10312
27023
17203
26570
1966
22652
2133
14060
16880
10492
13889
30497
10919
23829
4216
16694
3449
4008
3304
8112
17899
31987
19043
31595
2423
29785
19280
15233
6111
5990
18593
7277
17856
2574
12549
625
5482
30773
10334
19253
20975
5237
7029
25264
24698
29723
15340
8011
15330
27762
30837
10564
20095
21829
17730
29009
7741
21663
18621
31367
32494
6101
16504
31609
16101
7622
12903
6820
448
30306
15949
18955
15749
7017
9076
1566
3569
18037
20129
31712
21004
26683
1095
23113
18433
9486
31483
21225
6957
31397
31272
3535
6262
29469
20740
5289
31966
2369
14786
31021
4695
8714
32010
15031
3802
16226
27046
12083
27059
20525
29822
29501
6943
16778
5318
9607
31256
13654
12406
29051
11376
499
11514
11554
23837
24391
30763
3653
11476
25863
7551
15058
4313
15925
15228
14464
5141
13799
28019
32694
11881
331
32106
13738
9794
27368
29274
20934
12397
17190
20123
12879
16941
14865
4764
25672
18827
1626
22487
8852
16366
32158
6148
20572
19179
491
29837
29360
24414
26753
4675
28017
6842
15829
23887
1902
18077
2780
18795
31181
15016
32645
25170
3757
4237
9864
16500
4873
24169
1630
13807
8159
27477
21392
18363
32402
4663
6197
18212
11406
18143
29878
8062
16938
29007
24021
11284
16594
4953
31726
10849
3173
27760
3964
7299
5084
4024
32478
12268
27949
8287
29020
31835
26734
10288
7013
12042
24126
15461
8218
30249
15713
25789
11281
16524
7082
30927
11602
9633
19998
26526
19622
2468
19542
7533
3090
21014
25381
31701
11934
15979
31355
6164
19802
14595
29321
13224
15779
13403
23590
8989
11427
26757
4210
5923
5143
1237
27577
31715
27733
10718
12186
25235
16269
16284
20584
10568
591
31731
12752
21772
21837
11608
5820
21041
5219
7631
18552
3813
22228
8725
14611
9222
17623
10526
9481
55
26194
24514
30750
18739
20197
15539
31117
26465
19242
2226
866
28585
29499
14082
18725
24455
18037
8733
29112
24413
13436
167
2178
32526
14207
9888
2510
8392
25534
26333
3693
1569
4169
10425
23203
13158
32010
1544
21569
7471
6661
1356
9230
21559
21471
17452
1643
9067
2461
9761
3895
21569
4015
23411
25841
3403
25645
21604
14108
32524
30816
29866
29672
21258
13188
6947
270
4388
4812
20933
31740
28454
2727
14804
17714
16027
3394
2135
23276
27875
23118
9932
18177
18821
31747
19483
9227
1734
5477
8649
32200
10362
26054
18798
4288
21786
9612
22121
11560
15639
8244
4050
16647
3182
12183
3760
19863
6781
31852
3180
19438
19476
10255
30086
17629
23504
17281
5255
8217
31908
14255
26935
28312
2745
759
15
13374
15992
28648
24049
29881
5605
10569
21527
1962
26670
20317
20554
30725
22403
29286
32084
29370
5417
5736
18359
2197
11210
9263
6815
18274
17424
27539
26902
28246
6002
6907
22391
16810
1357
20512
6437
16777
32310
9748
22140
18476
14735
25730
12040
21316
26968
13367
11253
31896
24648
31969
14023
26095
24092
20503
26700
7216
30256
1434
17358
13768
17484
27867
12940
12364
25536
14269
21356
20831
23731
667
29418
3799
31672
7565
16212
16923
18338
31463
3385
10959
2458
26371
16415
1204
7022
27969
11124
13513
28716
3659
32711
20919
2800
11166
6200
2923
22522
19526
15405
13829
7171
7912
10567
31729
28113
23814
31125
31571
28170
29567
14855
21161
12614
5205
17701
24748
4199
5555
13824
15222
21293
16943
1897
8938
26885
32332
13154
29265
9250
26435
26322
21825
10959
20227
7549
17347
4868
14710
14898
2484
23607
16134
28486
23916
15220
30816
2882
18846
28080
22391
32217
28287
1115
4556
10525
24107
24628
32750
21234
6212
20065
5692
19138
26844
31679
23282
6002
11925
12919
32100
16789
19462
5586
29316
3552
18529
20558
15018
15326
25427
26609
13461
7397
8236
11485
8621
5961
3136
30245
16266
27087
17549
8415
6842
17253
32414
1402
32447
784
6319
22354
10072
13349
29969
8834
5890
6844
9424
23545
14013
25698
9620
14289
8979
20750
14021
14812
19031
26711
2546
13439
16427
3811
21108
10691
27204
4131
30798
17065
27250
28733
29272
20670
27098
6730
2973
3568
10630
16066
6145
3744
31777
30260
23591
6648
3323
31803
11409
23679
6228
5805
2057
10474
30934
32021
12608
15158
11875
21604
2998
12787
16913
4835
16345
12771
11123
24684
27249
26563
6939
18138
23355
23657
20060
18110
9940
20239
20565
9300
4057
2543
19498
181
2893
25872
21653
4941
25659
27487
17566
6032
17052
22017
7590
17129
6522
20968
1706
22259
16470
17316
20678
9196
15304
32124
9464
3943
31077
7102
16167
29504
741
31571
23140
26837
27782
32406
12911
21619
683
5223
15997
17679
31433
13690
2360
31799
11139
19445
18952
12872
4116
14651
9105
27360
6894
28162
11133
28054
7072
18604
8059
14057
15357
11732
27527
30071
22651
3879
25965
26480
14297
21621
24968
11337
26117
23303
1232
24245
13884
32564
30740
2769
12403
25647
24707
21662
28150
28195
16753
25269
10575
8834
11096
24886
1385
25242
23581
12546
20469
13417
13461
5930
17165
3506
10056
167
2583
21840
1141
11851
3565
3787
18262
23799
19515
25641
18596
15887
15912
518
31326
21547
4664
31207
4295
2063
15728
7884
15534
2526
10172
4100
23281
21130
30607
26181
15684
22927
16585
14076
28719
21217
6877
25058
8790
2338
25139
23760
4349
10265
10443
29140
7627
2912
6692
9092
29134
25948
22108
11154
20928
21106
2200
18337
1929
11384
15526
18519
1284
12906
14305
5812
9222
22623
22869
9122
10141
21435
17700
30157
25237
14245
24361
18868
10049
13756
22746
30721
25720
22277
22131
5653
5085
16680
28497
1256
23907
23517
3483
25104
5137
27297
28968
3871
28675
28333
22941
17202
10674
25896
7126
23239
23157
13724
9864
22991
17991
25767
14884
21509
29386
24307
22526
12157
12172
28775
11438
30080
29577
15263
31158
9623
13298
17818
16998
16102
6189
27059
16381
29627
12061
18899
24849
15207
2467
3812
22577
13901
24165
3465
32200
6200
6862
8972
2372
3314
1366
24216
25976
19218
21763
19112
9279
18709
25135
27327
21859
18608
21645
16730
17597
11365
29287
29218
25501
19285
29993
21607
24940
14165
1827
2506
14223
10563
20107
27961
11407
1947
10689
28193
4727
15173
215
11230
17534
18097
20561
25975
10214
21286
20777
4488
13348
10327
25111
12927
17985
16952
5647
15115
17280
30991
3082
5842
20289
28622
29705
11107
6181
15520
25943
25963
115
32706
27151
9771
9659
23700
25567
9513
3001
2288
11787
6694
28283
26298
8373
17233
32710
23480
22875
7098
5047
23460
27809
22025
166
22656
25937
28528
13903
3370
13472
28382
20532
22064
30643
9334
10045
3301
13921
32063
9890
6325
32571
16157
26634
10933
1225
16640
23285
22398
8215
29531
31575
828
23664
19672
23429
21506
28778
28490
1365
7777
18467
6370
30337
56
1225
13735
15437
7629
5472
9504
29290
13597
19647
2131
10521
31601
6364
11252
30356
31026
16202
25302
14249
22526
17152
25765
17320
22267
22364
1239
6015
22892
1128
21984
15396
17282
24667
3237
27699
6516
611
14388
15577
5330
4769
8626
19952
9238
7029
26772
17771
2172
32765
12051
6645
1555
15320
27353
28885
23060
20528
11777
4885
27507
503
31806
15843
27061
19824
90
21047
19969
13042
13795
10166
29305
16617
23329
1751
13259
32541
16202
3652
20738
7991
16633
1923
32163
5761
4317
28373
23029
1261
3246
12894
17824
3417
18022
27783
16505
785
2989
7585
19869
4245
405
10443
3261
15261
10375
6165
32184
27227
23678
27621
8815
19968
9586
31130
29397
22145
27672
7536
22341
5019
26312
17315
7449
10005
21182
3288
6520
11333
19846
4536
28271
14549
25266
2526
9795
23239
8654
23027
6406
14263
20630
19735
20585
12640
3430
32131
24017
13154
30193
12397
22189
3651
9782
10540
27398
947
9136
14237
19031
26644
2253
1477
19104
32057
1186
26808
1462
27246
733
14521
24797
30137
4091
29858
12952
25184
19899
13447
31424
6315
3026
12182
24788
31467
22752
22849
27792
3003
8099
22944
11457
18822
9322
25872
16471
25418
30413
14113
30140
10907
11164
13487
29796
26346
29461
31054
9382
28167
24410
21484
18890
9701
28450
30385
611
21406
12462
24106
8927
23478
4351
13223
7772
22436
11078
12001
29117
9358
11420
15072
17661
20309
8179
25116
14020
465
13900
17891
1592
21854
24363
9466
3862
11927
17736
13703
19457
1633
904
22062
21274
17452
9771
23163
208
3445
19527
30336
17658
11919
32117
3519
17955
164
1994
26954
20260
28919
31241
6440
15097
3435
3606
1275
21197
14921
6062
28640
21079
30014
19286
29591
1641
18851
29073
14052
14790
23041
23126
25396
25653
8917
9409
7556
20435
23184
12041
1663
10413
4834
17074
1510
10894
32568
20740
25909
24854
1156
21435
32132
11788
30268
9728
31915
2549
9381
27032
1449
13030
8273
19548
12359
15766
22246
16873
11256
15543
27938
1432
2564
29319
31260
30897
29413
16546
1997
12507
19185
18970
31950
19159
2618
31689
21347
21870
19379
28390
16825
26792
22420
22999
14188
15679
11519
838
21580
22611
20195
27511
15457
8031
22561
8153
27949
26732
6893
27867
30768
23173
20343
25088
18098
12906
5579
23606
19132
16265
20214
2660
16744
11561
4459
8258
27226
27625
15525
11117
22671
20329
28685
16059
16470
13383
26909
26571
26267
16973
3270
8929
5483
7912
8207
16625
14773
9180
29696
29690
3662
28215
2238
30102
30776
22915
27639
31694
30756
15168
22144
28722
21813
29330
19773
7466
25863
8246
18754
17799
5360
6842
11063
23133
6278
29422
32257
17173
24929
7318
19615
27582
17442
3937
3921
3492
28339
29727
29696
26148
5073
12846
1498
20414
28616
28981
30781
29036
2686
25365
6358
30770
23219
27165
11530
3831
11911
28542
16020
2195
32061
32254
7024
28713
1598
29936
3320
29623
24929
26467
2638
23787
25705
31642
27129
3129
464
24252
22227
10794
1219
8397
3106
759
20077
3293
7429
16470
30840
20863
19218
30100
209
3453
12349
12772
25260
5322
16379
3319
16585
440
25512
25036
1269
26219
13862
11210
6355
12942
8904
14860
7132
8516
27502
11516
15013
17250
23025
29219
2912
31195
8385
12863
5030
29820
11980
26006
23412
2265
31394
651
12659
30087
2263
31343
1148
25995
12713
30873
30299
18451
27107
6073
3027
20580
4866
361
7651
12820
5781
11269
28744
28025
20714
10941
4419
16481
3814
17384
26268
3843
9013
16795
3047
22838
22180
12411
26118
4065
14282
207
4079
24243
3566
15834
1200
15892
29477
20327
10928
24923
22971
31141
9271
21825
212
3893
2352
25237
7251
2434
28206
2354
13307
31569
23726
10031
32212
4505
8348
8277
14289
5780
3864
6614
17583
11030
10873
7739
4128
10782
18322
15775
32297
27306
6197
32283
27081
21456
16118
12417
30427
30475
20529
32077
15165
9427
25679
15832
818
12144
8004
30159
13573
20495
20828
228
6128
25110
5432
18627
571
26805
3859
5960
12968
4797
12619
22767
22799
12470
10780
25484
4678
20780
24238
5436
23363
30537
5970
24475
16261
8105
16648
4919
18096
1897
26694
32581
25975
27009
20724
14739
30142
9812
20411
8894
31232
2438
18559
31397
12271
8718
30250
6429
13915
24716
24492
7911
19029
28636
7744
13023
24468
31723
22768
8053
6168
23241
6491
25697
24332
19456
23990
4243
10993
16933
3089
30825
11001
27308
10971
7205
25521
26624
681
21150
32483
29140
3379
3126
21179
20403
21919
16907
25640
25055
11779
25970
26757
11352
24101
25505
2681
6203
12165
4523
30236
24397
31389
5298
28763
21976
6503
6743
32157
1718
25376
30070
23463
21931
5452
29457
21180
7160
19962
31625
8713
29484
31561
21524
2881
8766
25643
5227
16773
24793
11881
9411
16262
25847
1511
22527
18669
28337
18730
30244
6907
18005
24343
19213
4204
24762
6653
3424
15522
7632
19414
12736
16895
21883
28618
32324
26515
9890
3317
29224
12791
15491
13930
21955
888
32329
19576
1721
1912
23776
25388
21618
27922
13064
29206
203
13565
27560
12624
14603
5811
25189
18365
6936
16594
12916
11919
6891
30914
26540
28172
23617
23960
17888
6033
21651
21050
6763
8407
18761
21188
19468
1141
32299
14635
7413
19366
10264
13601
21278
25933
30714
31544
15071
28214
20985
28489
14270
20127
1263
19991
22406
20727
5660
6704
7065
5605
29980
20500
27782
2444
11285
9625
27614
15886
24629
22670
6212
20302
13916
20639
30660
13307
28693
6264
15462
8138
21707
29230
5890
23298
15162
2778
11349
13118
18211
4487
24661
26990
12100
13646
27586
16672
8071
20159
28670
5374
2938
14467
32030
5271
1279
6976
15937
3938
27461
12477
16416
28927
1526
16967
1511
21185
24754
26195
24644
18026
31421
16740
15037
15925
7924
20015
21318
13850
30726
28925
4115
589
13536
23122
26539
26376
20841
31948
3902
23946
22384
6733
25400
10848
11234
11357
15894
10467
15425
11209
12664
28674
8273
31632
21880
13377
1045
31488
8763
2818
28153
797
1989
29443
13649
21314
14354
17961
15618
12555
22370
30844
18047
16241
1748
18546
28920
20791
32054
17520
14542
14982
8732
18830
2889
26068
24367
24475
17037
12298
7112
5729
7626
20453
5822
18473
2484
19612
4732
25986
19763
18372
1878
11839
28251
7793
20509
31679
25502
9631
1264
113
25920
1488
30806
8342
29452
31222
2698
18505
25158
30098
18198
25277
2016
30238
163
22215
21232
937
24336
11420
27490
9409
5057
16603
10474
18837
10298
10446
30269
29275
6892
11245
29825
5360
15950
30371
29442
1470
3632
27221
3878
26595
28493
11937
4259
26768
3359
26595
21999
18862
18935
14078
25849
32712
30028
26201
29718
26405
15443
26663
32574
21556
2257
2540
15736
814
16942
316
2707
10998
9418
13766
6423
14148
9108
27794
123
28162
2008
14471
31640
1014
17240
21552
27486
25762
10399
18624
29126
12648
32146
1619
14599
15346
7240
20854
15117
32721
5659
10730
7463
24420
3327
3749
29696
10236
14099
17178
976
8509
16502
31162
20691
11208
32604
1979
5115
13079
11873
1560
26594
30375
8477
985
16898
28253
9976
11668
3112
20003
4159
3636
29222
27858
2424
19705
14280
4692
16627
3264
11018
28938
2722
20613
1672
20075
30250
2342
22582
7918
2874
12393
16465
6442
8220
5441
7318
1084
32394
15693
29617
17770
19138
32674
13560
28934
24797
15562
8281
25236
7260
22540
27281
8239
15876
21998
29087
3368
25580
17401
5497
12273
18388
19900
2301
3897
14264
8980
12074
27225
31909
5034
22672
20719
9164
956
29957
24008
24021
7713
3482
6404
26741
26503
6862
17780
13891
5888
2817
7495
18631
22461
3371
16870
28884
22552
29645
25372
26904
18904
17448
24954
32498
14257
17838
28666
15747
21515
9654
30946
20232
9477
883
18923
2151
12728
30759
19363
21255
5312
28564
18448
26853
6137
25779
1174
5861
15750
22185
13082
31078
23064
2551
32360
26392
9324
27121
13778
32274
24086
7793
23578
1823
31102
10700
7571
9049
24872
8965
29058
30714
17464
24641
27338
19566
3125
9595
31689
20141
24589
11129
12669
29127
22617
4863
10731
6848
18659
6210
18881
3999
17253
6815
30010
23746
14228
19597
20546
9332
21597
8145
18907
3266
3695
16881
30399
16266
28665
15594
32582
12500
5557
4133
9355
8037
32037
21928
8394
914
2077
18314
26381
24659
22913
14761
1544
10904
28496
23455
12865
15072
7649
22257
15220
32007
20589
7562
28981
21087
13006
31848
15063
23043
10374
18070
26253
4968
13571
11354
29647
3893
14626
4783
23807
8789
10737
32501
9293
20298
9401
27368
10200
22980
1084
5327
277
14450
23355
8181
29557
22808
30779
6493
11842
27362
22153
13490
26058
8952
8316
21885
1984
12114
9978
14491
3807
19406
29245
20973
14800
11647
20439
12881
10574
14408
500
2513
10632
12970
29664
6683
10951
27611
6089
11569
11600
2072
20933
25698
9356
26427
5143
29561
5478
22928
4270
7220
29685
5861
9198
32248
1115
11232
23731
3522
17133
20886
17811
19041
6036
25432
21348
227
22642
26320
7422
13645
24521
23118
16450
911
14617
15708
6236
3254
10633
1944
10564
17508
6024
451
25739
12925
5556
13589
11092
32036
5371
25811
12705
20198
512
17956
9936
27956
20928
27169
18277
4887
16757
3627
15369
25631
19899
18049
27091
2973
9457
14097
6087
23569
6370
20111
3484
742
21412
14277
4035
9309
21441
29994
23716
29640
29589
23221
3883
7160
32759
23027
2691
3064
8732
21592
21281
31740
8375
26579
30981
16020
15461
27044
30524
12837
11081
882
11434
26266
30707
9880
20998
19287
18311
18881
4390
31086
19227
9396
8573
28182
24672
24177
3554
18777
9605
24956
1938
25868
1112
19065
27257
22532
30895
9465
22189
14727
5638
27284
828
14593
4201
30776
11815
24056
19605
28096
19886
1090
15194
11208
26318
26742
1091
25536
11529
22688
17273
28224
20325
23865
24293
23451
5815
28246
13973
29367
14625
2335
13409
4636
1754
14723
32462
10058
21549
27690
21298
12368
17605
7339
19225
31642
23591
13312
4328
6667
30592
11063
18368
14156
5281
18025
10917
19555
2632
31728
9952
24711
5537
23509
30113
19506
24844
2952
30953
12921
26657
10708
24487
9369
23793
12049
21794
9170
29327
7580
16278
30072
12496
5764
21026
32071
13646
9862
30177
4599
1459
24380
20056
16
22324
4241
23824
12032
28507
13944
2179
7274
522
28382
2621
8642
12477
3036
2107
14359
3855
5682
23959
11823
20608
21489
22119
1241
885
10103
25314
25983
32128
23200
1476
26363
23778
10811
500
5291
17230
9659
2916
27592
11760
14127
32569
17139
3758
26485
26413
20497
2734
12970
19505
16473
536
228
7254
5803
17693
5924
10221
17444
6712
5254
31213
12015
31155
20411
3990
7006
8814
10425
13140
11065
27612
8881
32486
26454
31054
23106
18623
1897
12916
11244
173
27678
9504
7879
16312
32613
13390
26485
3917
28429
14434
5973
11164
30101
29872
19449
17726
9535
1601
29403
1563
26981
12244
30027
23947
12816
10020
24748
22459
32199
18281
24288
1107
13733
19745
4865
12373
4015
32528
11858
30536
27492
26758
20853
28567
23701
2272
3550
30260
22646
7249
7047
23936
14582
25059
5861
879
2636
696
23324
4839
22226
32406
19567
29802
25879
16803
9978
12789
7215
18284
9635
21032
590
28460
5454
28326
2454
25932
10320
2495
7980
17958
7718
26445
12433
24078
4968
27867
6960
10899
3576
19725
14899
258
6527
572
1691
32300
2074
23648
32144
9065
11088
9779
16629
17629
6472
9619
9792
11514
21048
31528
10121
6470
23073
9544
27360
29791
6842
10775
21476
28988
8617
11507
21394
27573
3833
29455
27226
12870
18377
7005
4216
7440
16705
3506
30849
5664
30667
25893
24636
30452
26239
22968
25524
24379
4830
27962
1675
26845
196
24427
26513
23867
8856
11618
21141
20408
6598
8236
9340
16760
23407
11958
13712
12904
3423
14060
15898
17278
12095
21027
26930
20034
25611
18612
2518
5517
28615
26858
9786
29584
15726
17695
19807
10521
300
7457
27367
12818
19148
30427
3368
17226
7284
10801
20863
21881
22928
25643
27366
24958
8716
25942
30409
12778
28102
32615
5142
28098
31811
5666
28820
16513
27809
10106
16501
17245
4556
7930
21550
3019
22261
30819
16518
837
18496
30103
19693
27723
5053
27573
7184
14504
5786
27526
17066
5366
19095
18712
16541
19812
10169
18088
4161
28599
20035
26309
16380
20111
3298
10675
18963
18924
5928
14862
7871
240
59
19631
5252
20711
19919
14292
12990
17796
14161
1402
2685
24173
25957
1294
4498
19963
17811
8261
13290
5434
17981
30537
3867
8504
3797
2069
3133
19836
2125
25890
19451
28628
18894
16195
6377
20820
15788
18125
21529
14491
4762
10236
4073
26968
19738
9874
19742
15629
3384
7361
3639
14611
23672
24907
13563
17887
6157
22760
24149
27523
19275
14056
12385
14199
3679
12569
20167
12186
15678
10987
26952
30324
6875
7122
6294
1214
13469
13548
32105
7204
6672
2532
21967
22345
15579
16662
31939
31500
3314
3828
2050
27914
9484
168
30746
29539
7000
23035
11972
8642
19051
2677
8051
6039
9853
32197
28205
29607
29398
19300
28826
8391
27523
2422
17755
24548
14157
18161
30108
13127
13804
28928
21741
3863
32375
10154
4941
29472
8735
17839
13704
20946
1821
8114
26564
26765
28649
16029
24150
27932
685
6466
14554
13439
25849
4414
7042
14061
16312
14115
29358
5401
16227
6614
5309
693
25716
9525
13859
14900
14366
21501
25532
24021
14651
14571
30561
27101
5510
8994
15032
7203
778
25037
11344
29906
19930
27397
6893
13419
28163
27125
2848
31497
14783
30780
6939
27881
2027
1682
22724
41
22203
14511
15880
22480
19117
14441
18290
20495
6587
17436
22780
8135
14037
31822
25893
13130
20878
13459
2627
9318
32278
19375
6683
29600
6504
20219
16303
26301
15812
27914
14167
12423
23392
31627
19731
17869
18779
5233
5408
940
25330
3666
4809
2829
1270
21517
16768
30063
32637
24496
13357
18151
20441
23705
16070
16740
14022
13531
24096
32056
32487
3555
20997
27348
1908
30811
7558
8659
26413
22350
24978
8507
15250
17037
17864
25855
30805
26706
25482
29896
19216
12836
26451
20468
26420
12538
23626
23263
20033
5283
22039
12642
26685
12901
27893
666
95
24293
16392
23019
31243
8006
29170
31044
20995
30101
21409
10404
16347
19557
12650
7901
2989
17846
30300
26520
27663
28956
6606
27289
66
11549
2875
30788
15020
14298
4176
32608
20360
13042
18754
20508
31709
7843
20325
4175
14508
4146
8699
17668
11886
10125
21833
5430
31934
2096
14321
10712
10834
22853
25211
20249
20783
4367
25909
15077
23325
3976
2109
7343
25177
19529
20956
23150
2699
7083
18197
7909
26103
20268
6782
7464
15095
13588
15695
11612
15785
15192
1721
9918
4581
14782
25977
6887
10610
10050
20396
22094
21113
16056
25829
18958
2617
22196
30333
17129
26621
28839
27178
4493
13387
17226
10963
2071
95
17472
7075
28886
20952
29943
16733
25169
14000
30415
5615
5259
21873
10878
14921
7045
19878
24243
31343
11013
31888
20985
22477
18326
31259
3038
3532
2256
25104
20821
17570
20697
15756
14426
26222
7468
8369
7892
19076
21657
20635
2239
11013
13965
1430
10634
6324
20372
7566
7358
24836
5916
21191
4577
6774
6780
19150
28570
19233
22837
4527
12822
23954
13943
21864
2217
22487
9191
30110
30393
2263
27039
15247
31704
8165
12150
20040
1840
25236
11138
14103
14884
29900
6620
2628
15924
26397
24995
2044
12833
32596
2884
18830
29266
28492
27640
20186
16503
28167
10894
5
3692
26365
362
30578
28768
13236
25038
10222
31286
5009
23640
13099
3115
21998
29388
1136
21178
27245
14100
910
32189
19339
23429
29718
29396
30584
6244
21705
32522
27430
2729
21328
19382
21407
28674
10286
6816
27037
25627
28402
3429
11092
797
20145
31773
26771
5493
1715
7994
21771
10454
13165
4275
5358
14977
24495
26723
30653
22212
13855
30636
21851
20928
26342
26719
16741
32112
5545
17120
2246
231
25531
8069
11653
13529
27281
1856
21730
10589
14966
18302
23458
14577
12671
15694
1191
19647
16066
23494
30147
13855
26051
29090
30414
16732
5679
29231
9974
26043
11213
17768
7255
14009
10929
25438
8652
31381
2995
16093
1796
2574
11551
17228
14040
23918
15278
27093
2011
27335
10165
10694
31539
14717
31389
18487
23976
20228
8339
19182
32507
22763
31360
4735
29561
14362
19516
24503
5071
20824
23295
18491
12064
18192
20504
24173
9045
84
13281
4239
20405
8482
5362
811
5557
22502
12181
27314
23569
9281
10618
10339
18459
31497
13740
11886
8531
27537
13508
28506
4921
10794
9565
23716
16735
9193
30919
14505
25026
32683
8192
16325
20826
12375
25823
27837
22256
31843
25491
23642
2096
7834
14412
5207
1279
25628
13624
12670
32015
27558
13489
16653
13232
27155
23477
18782
30185
6179
24726
17863
14023
11644
10738
6592
17909
3310
23014
16195
21645
1531
6527
